118°50'50"E	32°22'07"N	6.5																																																																																											
Record	DateTime	10	SurTem(¡æ)	SurHum(%)	SurPre(hPa)	Tir(¡æ)	Rain	CloudBase(km)	Vint(mm)	Lqint(mm)	0.000(km)	0.025(km)	0.050(km)	0.075(km)	0.100(km)	0.125(km)	0.150(km)	0.175(km)	0.200(km)	0.225(km)	0.250(km)	0.275(km)	0.300(km)	0.325(km)	0.350(km)	0.375(km)	0.400(km)	0.425(km)	0.450(km)	0.475(km)	0.500(km)	0.550(km)	0.600(km)	0.650(km)	0.700(km)	0.750(km)	0.800(km)	0.850(km)	0.900(km)	0.950(km)	1.000(km)	1.050(km)	1.100(km)	1.150(km)	1.200(km)	1.250(km)	1.300(km)	1.350(km)	1.400(km)	1.450(km)	1.500(km)	1.550(km)	1.600(km)	1.650(km)	1.700(km)	1.750(km)	1.800(km)	1.850(km)	1.900(km)	1.950(km)	2.000(km)	2.250(km)	2.500(km)	2.750(km)	3.000(km)	3.250(km)	3.500(km)	3.750(km)	4.000(km)	4.250(km)	4.500(km)	4.750(km)	5.000(km)	5.250(km)	5.500(km)	5.750(km)	6.000(km)	6.250(km)	6.500(km)	6.750(km)	7.000(km)	7.250(km)	7.500(km)	7.750(km)	8.000(km)	8.250(km)	8.500(km)	8.750(km)	9.000(km)	9.250(km)	9.500(km)	9.750(km)	10.000(km)	QCflag
1	2025/8/2 0:00	11	25.6	94.5	997.3	-7.6	0	6.72	0	0	25.6	25.543	25.486	25.429	25.371	25.353	25.335	25.317	25.299	25.283	25.267	25.251	25.235	25.216	25.197	25.178	25.158	25.115	25.071	25.027	24.983	24.83	24.677	24.481	24.286	23.983	23.681	23.411	23.14	22.843	22.545	22.237	21.929	21.668	21.408	21.121	20.834	20.574	20.314	20.007	19.7	19.425	19.149	18.9	18.651	18.409	18.166	17.915	17.664	17.423	17.181	15.839	14.514	13.169	11.844	10.673	9.202	7.904	6.592	5.217	3.775	2.456	1.282	0.062	-1.128	-2.213	-3.659	-4.983	-6.369	-7.759	-9.043	-10.339	-11.671	-13.125	-14.666	-16.296	-17.86	-19.435	-21.102	-22.791	-24.488	-26.125	-27.954	9
2	2025/8/2 0:00	12	25.6	94.5	997.3	-7.6	0	6.72	0	0	22.498	21.772	21.047	20.321	19.596	19.082	18.567	18.053	17.539	16.644	15.75	14.855	13.961	13.247	12.533	11.819	11.105	10.454	9.803	9.151	8.5	7.802	7.104	6.719	6.333	5.799	5.265	4.227	3.189	3.045	2.901	2.932	2.962	2.457	1.951	1.372	0.792	0.721	0.651	0.535	0.419	0.493	0.568	0.689	0.809	0.994	1.179	1.183	1.187	1.139	1.091	0.871	0.205	0.211	2.159	2.301	2.628	1.972	1.339	1.516	1.925	2.115	0.403	1.241	1.075	0.648	0.192	0.285	0.759	0.542	0.521	0.663	0.47	0.169	0.56	0.178	0.012	0.018	0.016	0.339	0.009	0.262	0.161	9
3	2025/8/2 0:00	13	25.6	94.5	997.3	-7.6	0	6.72	0	0	94.5	92.1	89.7	87.301	84.901	84.014	83.126	82.239	81.352	78.214	75.077	71.94	68.802	64.406	60.011	55.615	51.219	48.698	46.176	43.655	41.133	41.394	41.655	40.746	39.837	36.985	34.134	30.233	26.332	22.874	19.415	18.033	16.652	15.455	14.258	8.96	3.662	3.606	3.55	2.951	2.352	2.831	3.31	4.077	4.845	5.454	6.063	6.477	6.891	6.701	6.511	5.566	5.909	16.455	40.262	41.531	31.604	37.022	32.436	22.181	9.816	22.43	10.949	8.297	1.004	1.002	1.001	1.005	1.002	1.009	1.009	1.002	1.002	1.008	9.418	1.006	1.003	1.552	1.007	17.047	35.044	29.922	28.445	9
4	2025/8/2 0:00	14	25.6	94.5	997.3	-7.6	0	6.72	0	0	2.023	1.792	1.561	1.329	1.098	1.156	1.213	1.27	1.327	1.198	1.068	0.939	0.809	0.78	0.751	0.722	0.693	0.58	0.467	0.354	0.241	0.177	0.113	0.063	0.013	0.006	0	0	0	0	0	0	0	0	0	0	0	0	0	0	0	0	0	0	0	0	0	0	0	0	0	0	0	0	0	0	0.005	0	0.025	0	0.033	0	0.017	0.073	0.069	0.058	0.026	0.018	0.017	0.018	0.014	0.014	0.014	0.02	0	0	0	0	0	0	0	0	0	9
5	2025/8/2 0:02	11	25.6	94.5	997.3	-7.6	0	6.73	0	0	25.6	25.54	25.48	25.42	25.36	25.34	25.32	25.3	25.28	25.261	25.243	25.224	25.205	25.185	25.165	25.144	25.124	25.079	25.034	24.99	24.945	24.791	24.637	24.443	24.249	23.948	23.647	23.38	23.112	22.816	22.521	22.215	21.908	21.648	21.388	21.103	20.818	20.56	20.302	19.998	19.693	19.418	19.143	18.895	18.648	18.406	18.164	17.914	17.664	17.424	17.184	15.849	14.528	13.188	11.869	10.701	9.232	7.936	6.626	5.253	3.812	2.493	1.317	0.095	-1.092	-2.175	-3.615	-4.937	-6.322	-7.71	-8.995	-10.291	-11.621	-13.073	-14.611	-16.239	-17.803	-19.378	-21.045	-22.733	-24.429	-26.068	-27.896	9
6	2025/8/2 0:02	12	25.6	94.5	997.3	-7.6	0	6.73	0	0	22.498	21.774	21.05	20.327	19.603	19.086	18.569	18.052	17.535	16.636	15.736	14.837	13.937	13.221	12.505	11.789	11.073	10.42	9.766	9.113	8.459	7.76	7.062	6.698	6.335	5.8	5.265	4.202	3.14	3.02	2.901	2.934	2.967	2.458	1.95	1.371	0.792	0.724	0.656	0.534	0.413	0.488	0.563	0.683	0.803	0.992	1.181	1.186	1.19	1.143	1.096	0.873	0.208	0.229	2.201	2.341	2.671	2.006	1.371	1.545	1.952	2.135	0.403	1.25	1.081	0.645	0.188	0.277	0.757	0.539	0.516	0.659	0.465	0.159	0.558	0.171	0.013	0.017	0.011	0.338	0.009	0.261	0.161	9
7	2025/8/2 0:02	13	25.6	94.5	997.3	-7.6	0	6.73	0	0	94.5	92.102	89.704	87.306	84.908	84.023	83.138	82.253	81.368	78.234	75.1	71.966	68.832	64.438	60.043	55.649	51.254	48.732	46.21	43.688	41.166	41.425	41.685	40.774	39.863	37.01	34.157	30.261	26.365	22.907	19.449	18.067	16.684	15.47	14.257	8.958	3.659	3.603	3.548	2.947	2.345	2.826	3.307	4.075	4.844	5.454	6.064	6.479	6.893	6.704	6.515	5.558	5.913	16.446	40.225	41.497	31.558	36.973	32.386	22.137	9.784	22.401	10.936	8.273	1.007	1.007	1.001	1.007	1.007	1.006	1.004	1.004	1.007	1	9.403	1.001	1.005	1.533	1.004	17.005	34.993	29.872	28.398	9
8	2025/8/2 0:02	14	25.6	94.5	997.3	-7.6	0	6.73	0	0	2.023	1.792	1.561	1.33	1.099	1.156	1.213	1.271	1.328	1.198	1.069	0.939	0.81	0.78	0.751	0.722	0.693	0.58	0.467	0.354	0.241	0.177	0.113	0.063	0.013	0.007	0	0	0	0	0	0	0	0	0	0	0	0	0	0	0	0	0	0	0	0	0	0	0	0	0	0	0	0	0	0	0.005	0	0.025	0	0.033	0	0.017	0.073	0.069	0.058	0.026	0.018	0.017	0.018	0.014	0.014	0.014	0.02	0	0	0	0	0	0	0	0	0	9
9	2025/8/2 0:04	11	25.6	94.5	997.3	-7.6	0	6.73	0	0	25.6	25.543	25.486	25.429	25.372	25.352	25.332	25.312	25.292	25.275	25.259	25.242	25.225	25.205	25.185	25.165	25.145	25.101	25.056	25.012	24.967	24.812	24.657	24.46	24.263	23.961	23.658	23.388	23.117	22.819	22.521	22.213	21.905	21.645	21.384	21.098	20.812	20.552	20.292	19.987	19.682	19.406	19.129	18.879	18.629	18.388	18.147	17.896	17.644	17.402	17.16	15.824	14.501	13.161	11.843	10.675	9.208	7.914	6.605	5.232	3.795	2.476	1.301	0.084	-1.107	-2.188	-3.633	-4.957	-6.342	-7.733	-9.017	-10.314	-11.644	-13.098	-14.637	-16.261	-17.828	-19.405	-21.071	-22.758	-24.452	-26.088	-27.917	9
10	2025/8/2 0:04	12	25.6	94.5	997.3	-7.6	0	6.73	0	0	22.498	21.771	21.044	20.318	19.591	19.074	18.557	18.041	17.524	16.625	15.726	14.828	13.929	13.214	12.499	11.785	11.07	10.417	9.765	9.112	8.46	7.762	7.065	6.703	6.341	5.8	5.26	4.198	3.136	3.018	2.899	2.932	2.966	2.459	1.952	1.373	0.794	0.725	0.656	0.537	0.417	0.493	0.569	0.685	0.801	0.989	1.178	1.184	1.19	1.14	1.09	0.87	0.208	0.234	2.209	2.346	2.667	1.998	1.367	1.538	1.94	2.127	0.393	1.242	1.069	0.634	0.179	0.259	0.75	0.534	0.514	0.66	0.465	0.148	0.558	0.163	0.018	0.01	0.008	0.34	0.006	0.261	0.162	9
11	2025/8/2 0:04	13	25.6	94.5	997.3	-7.6	0	6.73	0	0	94.5	92.102	89.704	87.306	84.908	84.022	83.136	82.249	81.363	78.228	75.092	71.956	68.82	64.425	60.031	55.637	51.242	48.723	46.204	43.684	41.165	41.43	41.695	40.788	39.881	37.032	34.182	30.283	26.383	22.922	19.46	18.078	16.697	15.48	14.263	8.962	3.66	3.602	3.544	2.949	2.353	2.831	3.309	4.073	4.837	5.452	6.067	6.481	6.896	6.705	6.515	5.563	5.937	16.489	40.266	41.503	31.561	36.959	32.365	22.094	9.739	22.303	10.847	8.206	1.004	1.005	1.003	1.008	1.002	1.008	1.01	1.004	1	1.003	9.368	1.009	1.005	1.53	1.005	17.016	35.023	29.898	28.445	9
12	2025/8/2 0:04	14	25.6	94.5	997.3	-7.6	0	6.73	0	0	2.022	1.791	1.56	1.329	1.098	1.155	1.212	1.269	1.326	1.197	1.067	0.937	0.808	0.779	0.75	0.72	0.691	0.579	0.466	0.353	0.24	0.176	0.112	0.062	0.013	0.006	0	0	0	0	0	0	0	0	0	0	0	0	0	0	0	0	0	0	0	0	0	0	0	0	0	0	0	0	0	0	0.005	0	0.025	0	0.033	0	0.017	0.073	0.069	0.058	0.026	0.018	0.017	0.018	0.014	0.014	0.014	0.02	0	0	0	0	0	0	0	0	0	9
13	2025/8/2 0:06	11	25.6	94.5	997.3	-7.6	0	6.73	0	0	25.6	25.539	25.478	25.416	25.355	25.333	25.31	25.288	25.265	25.244	25.223	25.202	25.18	25.157	25.134	25.111	25.088	25.041	24.995	24.948	24.901	24.746	24.592	24.397	24.202	23.903	23.604	23.337	23.07	22.776	22.481	22.177	21.872	21.613	21.355	21.07	20.785	20.527	20.269	19.965	19.662	19.389	19.115	18.867	18.619	18.377	18.135	17.885	17.634	17.395	17.155	15.825	14.509	13.172	11.858	10.693	9.229	7.931	6.623	5.25	3.815	2.5	1.322	0.101	-1.088	-2.178	-3.614	-4.94	-6.322	-7.709	-8.995	-10.296	-11.63	-13.083	-14.622	-16.248	-17.813	-19.391	-21.06	-22.751	-24.449	-26.09	-27.92	9
14	2025/8/2 0:06	12	25.6	94.5	997.3	-7.6	0	6.73	0	0	22.498	21.777	21.056	20.335	19.614	19.1	18.586	18.072	17.558	16.662	15.766	14.87	13.974	13.259	12.544	11.829	11.114	10.46	9.806	9.152	8.498	7.796	7.093	6.715	6.337	5.801	5.266	4.207	3.149	3.025	2.902	2.932	2.963	2.46	1.957	1.372	0.787	0.719	0.65	0.533	0.416	0.492	0.568	0.687	0.806	0.992	1.178	1.184	1.19	1.141	1.091	0.879	0.213	0.229	2.2	2.342	2.666	1.997	1.372	1.54	1.944	2.131	0.402	1.25	1.078	0.643	0.188	0.267	0.757	0.537	0.516	0.66	0.464	0.148	0.556	0.16	0.014	0.012	0.011	0.338	0.012	0.261	0.162	9
15	2025/8/2 0:06	13	25.6	94.5	997.3	-7.6	0	6.73	0	0	94.5	92.098	89.696	87.293	84.891	84.003	83.115	82.227	81.339	78.201	75.062	71.924	68.786	64.392	59.998	55.604	51.209	48.692	46.174	43.657	41.139	41.407	41.674	40.772	39.869	37.022	34.174	30.27	26.366	22.903	19.44	18.061	16.682	15.471	14.26	8.96	3.66	3.601	3.542	2.948	2.353	2.832	3.311	4.077	4.843	5.452	6.06	6.475	6.891	6.702	6.513	5.56	5.948	16.521	40.338	41.578	31.647	37.036	32.43	22.143	9.775	22.332	10.853	8.214	1.002	1.003	1.003	1.008	1.004	1.007	1.005	1.01	1	1.009	9.307	1.006	1.005	1.501	1.005	16.976	34.977	29.852	28.394	9
16	2025/8/2 0:06	14	25.6	94.5	997.3	-7.6	0	6.73	0	0	2.023	1.791	1.56	1.329	1.098	1.155	1.212	1.269	1.326	1.197	1.067	0.937	0.808	0.779	0.75	0.72	0.691	0.579	0.466	0.353	0.24	0.176	0.112	0.062	0.013	0.006	0	0	0	0	0	0	0	0	0	0	0	0	0	0	0	0	0	0	0	0	0	0	0	0	0	0	0	0	0	0	0.005	0	0.025	0	0.033	0	0.017	0.073	0.069	0.058	0.026	0.018	0.017	0.018	0.014	0.014	0.014	0.02	0	0	0	0	0	0	0	0	0	9
17	2025/8/2 0:08	11	25.6	94.5	997.3	-7.6	0	6.73	0	0	25.6	25.54	25.48	25.42	25.36	25.339	25.319	25.298	25.277	25.259	25.24	25.221	25.203	25.182	25.161	25.14	25.12	25.075	25.03	24.985	24.94	24.786	24.632	24.438	24.244	23.943	23.642	23.374	23.106	22.81	22.514	22.208	21.902	21.642	21.382	21.097	20.812	20.554	20.296	19.991	19.687	19.412	19.138	18.89	18.642	18.401	18.16	17.91	17.66	17.42	17.18	15.847	14.526	13.186	11.868	10.699	9.23	7.934	6.624	5.251	3.81	2.49	1.313	0.092	-1.095	-2.181	-3.622	-4.945	-6.331	-7.719	-9.003	-10.298	-11.627	-13.079	-14.617	-16.245	-17.809	-19.385	-21.052	-22.74	-24.437	-26.075	-27.904	9
18	2025/8/2 0:08	12	25.6	94.5	997.3	-7.6	0	6.73	0	0	22.498	21.774	21.051	20.327	19.604	19.088	18.573	18.058	17.542	16.645	15.748	14.852	13.955	13.24	12.526	11.811	11.096	10.444	9.791	9.139	8.486	7.787	7.089	6.713	6.337	5.799	5.261	4.21	3.159	3.028	2.896	2.932	2.969	2.461	1.953	1.373	0.794	0.726	0.657	0.537	0.417	0.491	0.564	0.683	0.802	0.99	1.177	1.181	1.184	1.14	1.096	0.875	0.206	0.219	2.184	2.326	2.653	1.989	1.359	1.532	1.936	2.123	0.398	1.244	1.074	0.642	0.186	0.272	0.756	0.539	0.517	0.661	0.466	0.156	0.558	0.168	0.016	0.017	0.007	0.339	0.007	0.261	0.161	9
19	2025/8/2 0:08	13	25.6	94.5	997.3	-7.6	0	6.73	0	0	94.5	92.1	89.7	87.3	84.9	84.013	83.125	82.238	81.351	78.213	75.076	71.938	68.801	64.407	60.013	55.619	51.225	48.708	46.191	43.674	41.157	41.426	41.695	40.792	39.888	37.04	34.192	30.288	26.384	22.92	19.456	18.075	16.695	15.479	14.262	8.96	3.658	3.604	3.551	2.951	2.352	2.834	3.316	4.076	4.837	5.45	6.062	6.476	6.891	6.7	6.51	5.557	5.945	16.516	40.308	41.532	31.592	36.979	32.382	22.1	9.736	22.274	10.811	8.18	1.006	1.001	1.007	1	1.004	1.005	1.002	1.008	1.01	1.003	9.338	1.004	1.001	1.526	1.004	17.025	35.047	29.921	28.476	9
20	2025/8/2 0:08	14	25.6	94.5	997.3	-7.6	0	6.73	0	0	2.022	1.791	1.559	1.328	1.097	1.154	1.211	1.268	1.325	1.196	1.066	0.937	0.807	0.778	0.749	0.72	0.69	0.578	0.465	0.353	0.24	0.176	0.112	0.062	0.013	0.006	0	0	0	0	0	0	0	0	0	0	0	0	0	0	0	0	0	0	0	0	0	0	0	0	0	0	0	0	0	0	0.005	0	0.025	0	0.033	0	0.017	0.073	0.069	0.058	0.026	0.018	0.017	0.018	0.014	0.014	0.014	0.02	0	0	0	0	0	0	0	0	0	9
21	2025/8/2 0:10	11	25.6	94.4	997.3	-7.6	0	6.72	0	0	25.6	25.541	25.482	25.424	25.365	25.343	25.322	25.3	25.279	25.26	25.24	25.221	25.202	25.18	25.158	25.137	25.115	25.069	25.023	24.976	24.93	24.774	24.618	24.421	24.225	23.921	23.618	23.347	23.077	22.78	22.483	22.176	21.868	21.609	21.349	21.062	20.775	20.517	20.258	19.952	19.647	19.372	19.097	18.849	18.601	18.36	18.119	17.868	17.617	17.376	17.135	15.799	14.478	13.144	11.829	10.665	9.195	7.899	6.59	5.218	3.78	2.462	1.287	0.067	-1.122	-2.208	-3.655	-4.982	-6.368	-7.76	-9.044	-10.338	-11.666	-13.119	-14.658	-16.287	-17.853	-19.429	-21.097	-22.785	-24.481	-26.118	-27.944	9
22	2025/8/2 0:10	12	25.6	94.4	997.3	-7.6	0	6.72	0	0	22.474	21.752	21.03	20.307	19.585	19.075	18.565	18.054	17.544	16.655	15.767	14.878	13.99	13.28	12.57	11.86	11.15	10.5	9.851	9.201	8.552	7.854	7.156	6.744	6.332	5.807	5.282	4.248	3.213	3.057	2.901	2.931	2.961	2.456	1.951	1.371	0.792	0.722	0.652	0.535	0.419	0.493	0.567	0.688	0.809	0.994	1.179	1.182	1.186	1.14	1.093	0.878	0.21	0.192	2.139	2.289	2.611	1.953	1.335	1.505	1.904	2.101	0.398	1.24	1.068	0.645	0.191	0.268	0.761	0.544	0.526	0.67	0.473	0.155	0.561	0.163	0.016	0.01	0.015	0.34	0.011	0.261	0.163	9
23	2025/8/2 0:10	13	25.6	94.4	997.3	-7.6	0	6.72	0	0	94.4	92.008	89.616	87.224	84.832	83.946	83.06	82.174	81.288	78.152	75.016	71.879	68.743	64.351	59.959	55.566	51.174	48.657	46.139	43.622	41.104	41.363	41.622	40.713	39.804	36.957	34.109	30.222	26.335	22.888	19.44	18.073	16.705	15.481	14.257	8.959	3.661	3.602	3.543	2.946	2.349	2.832	3.315	4.078	4.842	5.452	6.063	6.476	6.89	6.7	6.51	5.561	5.951	16.495	40.256	41.477	31.551	36.924	32.349	22.138	9.821	22.446	10.998	8.339	1.009	1.006	1.009	1.006	1.003	1.008	1.01	1.003	1.003	1.001	9.522	1.009	1.009	1.595	1.007	17.123	35.085	29.935	28.413	9
24	2025/8/2 0:10	14	25.6	94.4	997.3	-7.6	0	6.72	0	0	2.073	1.828	1.583	1.337	1.092	1.152	1.212	1.272	1.333	1.203	1.074	0.945	0.816	0.787	0.759	0.73	0.701	0.583	0.465	0.347	0.229	0.171	0.113	0.061	0.008	0.004	0	0	0	0	0	0	0	0	0	0	0	0	0	0	0	0	0	0	0	0	0	0	0	0	0	0	0	0	0	0	0.004	0	0.026	0	0.034	0	0.019	0.074	0.069	0.059	0.026	0.017	0.017	0.018	0.014	0.014	0.014	0.02	0	0	0	0	0	0	0	0	0	9
25	2025/8/2 0:12	11	25.5	94.2	997.1	-7.6	0	6.73	0	0	25.5	25.445	25.39	25.334	25.279	25.264	25.248	25.233	25.218	25.203	25.187	25.172	25.157	25.14	25.122	25.105	25.087	25.043	24.999	24.955	24.91	24.756	24.602	24.41	24.217	23.915	23.614	23.344	23.075	22.777	22.479	22.171	21.864	21.607	21.35	21.062	20.774	20.516	20.257	19.952	19.647	19.37	19.094	18.845	18.596	18.352	18.108	17.854	17.6	17.359	17.118	15.779	14.458	13.125	11.808	10.653	9.175	7.881	6.566	5.19	3.754	2.441	1.269	0.047	-1.138	-2.202	-3.643	-4.964	-6.344	-7.734	-9.025	-10.317	-11.648	-13.102	-14.644	-16.265	-17.827	-19.401	-21.065	-22.754	-24.438	-26.07	-27.889	9
26	2025/8/2 0:12	12	25.5	94.2	997.1	-7.6	0	6.73	0	0	22.301	21.571	20.84	20.11	19.379	18.855	18.331	17.808	17.284	16.38	15.476	14.572	13.667	12.954	12.241	11.528	10.815	10.169	9.523	8.878	8.232	7.554	6.877	6.606	6.336	5.799	5.263	4.159	3.055	2.975	2.894	2.932	2.97	2.46	1.95	1.371	0.792	0.721	0.649	0.531	0.414	0.49	0.566	0.688	0.809	0.992	1.176	1.184	1.193	1.143	1.092	0.87	0.207	0.395	2.386	2.477	2.794	2.105	1.442	1.608	1.997	2.146	0.379	1.218	1.032	0.579	0.131	0.216	0.693	0.487	0.467	0.616	0.429	0.128	0.54	0.161	0.011	0.008	0.012	0.33	0.007	0.256	0.154	9
27	2025/8/2 0:12	13	25.5	94.2	997.1	-7.6	0	6.73	0	0	94.2	91.783	89.366	86.949	84.531	83.636	82.741	81.846	80.951	77.791	74.631	71.47	68.31	63.891	59.473	55.054	50.635	48.101	45.567	43.033	40.498	40.726	40.954	40.052	39.15	36.291	33.433	29.599	25.765	22.387	19.009	17.748	16.487	15.374	14.261	8.964	3.666	3.604	3.543	2.944	2.345	2.828	3.311	4.078	4.846	5.458	6.069	6.482	6.895	6.703	6.511	5.557	6.243	16.822	41.072	42.435	32.672	37.941	33.238	23.092	10.82	24.16	12.401	9.359	1.004	1.006	1.005	1.008	1.001	1.01	1.003	1.007	1.007	1.003	9.658	1.003	1.007	1.339	1.004	16.71	34.147	28.813	26.668	9
28	2025/8/2 0:12	14	25.5	94.2	997.1	-7.6	0	6.73	0	0	2.163	1.891	1.618	1.345	1.073	1.132	1.191	1.25	1.309	1.182	1.055	0.927	0.8	0.771	0.741	0.712	0.682	0.561	0.439	0.317	0.195	0.147	0.099	0.049	0	0	0	0	0	0	0	0	0	0	0	0	0	0	0	0	0	0	0	0	0	0	0	0	0	0	0	0	0	0	0	0	0.003	0	0.028	0	0.035	0	0.02	0.074	0.068	0.058	0.025	0.017	0.017	0.017	0.014	0.013	0.013	0.02	0	0	0	0	0	0	0	0	0	9
29	2025/8/2 0:14	11	25.5	94.2	997.1	-7.6	0	6.73	0	0	25.5	25.443	25.386	25.329	25.273	25.252	25.231	25.21	25.189	25.171	25.153	25.136	25.118	25.097	25.076	25.054	25.033	24.987	24.941	24.895	24.849	24.692	24.534	24.339	24.143	23.841	23.54	23.269	22.999	22.702	22.405	22.097	21.79	21.533	21.277	20.991	20.706	20.447	20.189	19.887	19.586	19.31	19.035	18.786	18.537	18.297	18.058	17.805	17.552	17.311	17.07	15.748	14.433	13.11	11.808	10.656	9.183	7.895	6.586	5.213	3.783	2.469	1.292	0.074	-1.112	-2.179	-3.622	-4.948	-6.328	-7.72	-9.005	-10.296	-11.619	-13.069	-14.609	-16.224	-17.792	-19.37	-21.034	-22.721	-24.402	-26.034	-27.853	9
30	2025/8/2 0:14	12	25.5	94.2	997.1	-7.6	0	6.73	0	0	22.301	21.574	20.848	20.122	19.395	18.876	18.357	17.838	17.319	16.421	15.524	14.626	13.729	13.021	12.313	11.605	10.897	10.252	9.608	8.963	8.319	7.639	6.959	6.649	6.34	5.802	5.265	4.167	3.068	2.983	2.898	2.932	2.966	2.457	1.949	1.369	0.789	0.719	0.65	0.531	0.412	0.49	0.569	0.685	0.801	0.99	1.179	1.181	1.183	1.137	1.09	0.871	0.209	0.366	2.367	2.472	2.776	2.078	1.444	1.6	1.965	2.123	0.362	1.214	1.018	0.567	0.122	0.177	0.694	0.488	0.474	0.629	0.434	0.096	0.543	0.13	0.012	0.014	0.014	0.333	0.01	0.256	0.158	9
31	2025/8/2 0:14	13	25.5	94.2	997.1	-7.6	0	6.73	0	0	94.2	91.784	89.368	86.951	84.535	83.642	82.748	81.855	80.961	77.804	74.647	71.49	68.333	63.918	59.502	55.086	50.67	48.139	45.607	43.075	40.544	40.775	41.005	40.104	39.203	36.344	33.485	29.651	25.816	22.436	19.056	17.793	16.529	15.396	14.263	8.964	3.664	3.606	3.548	2.947	2.345	2.826	3.307	4.076	4.845	5.455	6.065	6.479	6.893	6.705	6.518	5.564	6.238	16.819	41.042	42.392	32.623	37.88	33.184	23.04	10.771	24.078	12.334	9.295	1.001	1.006	1.001	1.002	1.002	1.006	1.006	1.005	1.006	1.003	9.636	1.006	1.006	1.338	1.004	16.71	34.168	28.839	26.715	9
32	2025/8/2 0:14	14	25.5	94.2	997.1	-7.6	0	6.73	0	0	2.162	1.89	1.618	1.345	1.073	1.132	1.191	1.25	1.309	1.182	1.055	0.927	0.8	0.771	0.741	0.712	0.683	0.561	0.439	0.317	0.196	0.147	0.099	0.049	0	0	0	0	0	0	0	0	0	0	0	0	0	0	0	0	0	0	0	0	0	0	0	0	0	0	0	0	0	0	0	0	0.003	0	0.028	0	0.035	0	0.02	0.075	0.068	0.058	0.025	0.017	0.017	0.017	0.014	0.013	0.013	0.02	0	0	0	0	0	0	0	0	0	9
33	2025/8/2 0:16	11	25.5	94.2	997.1	-7.6	0	6.72	0	0	25.5	25.441	25.382	25.323	25.264	25.243	25.222	25.201	25.18	25.162	25.143	25.124	25.105	25.083	25.062	25.041	25.019	24.974	24.928	24.882	24.837	24.681	24.526	24.332	24.138	23.835	23.531	23.261	22.991	22.695	22.399	22.091	21.784	21.527	21.27	20.984	20.698	20.442	20.185	19.882	19.579	19.306	19.032	18.788	18.543	18.304	18.066	17.815	17.565	17.326	17.088	15.765	14.447	13.124	11.816	10.662	9.181	7.887	6.577	5.2	3.759	2.441	1.264	0.042	-1.138	-2.218	-3.667	-4.997	-6.382	-7.772	-9.053	-10.336	-11.65	-13.098	-14.638	-16.265	-17.833	-19.405	-21.071	-22.759	-24.447	-26.078	-27.9	9
34	2025/8/2 0:16	12	25.5	94.2	997.1	-7.6	0	6.72	0	0	22.301	21.579	20.857	20.135	19.413	18.904	18.396	17.887	17.378	16.497	15.615	14.733	13.852	13.152	12.451	11.751	11.051	10.412	9.773	9.133	8.494	7.814	7.134	6.733	6.333	5.813	5.293	4.256	3.219	3.06	2.9	2.934	2.968	2.46	1.952	1.373	0.794	0.725	0.657	0.535	0.412	0.488	0.564	0.685	0.806	0.992	1.178	1.183	1.189	1.142	1.096	0.875	0.205	0.281	2.224	2.353	2.662	1.991	1.373	1.535	1.895	2.068	0.367	1.202	1.013	0.585	0.141	0.204	0.713	0.507	0.494	0.644	0.45	0.119	0.548	0.139	0.014	0.017	0.007	0.334	0.006	0.256	0.16	9
35	2025/8/2 0:16	13	25.5	94.2	997.1	-7.6	0	6.72	0	0	94.2	91.78	89.36	86.94	84.52	83.624	82.728	81.832	80.937	77.776	74.615	71.454	68.293	63.875	59.456	55.038	50.62	48.086	45.552	43.017	40.483	40.71	40.937	40.035	39.132	36.272	33.411	29.575	25.738	22.363	18.987	17.726	16.464	15.36	14.256	8.961	3.665	3.605	3.544	2.945	2.345	2.827	3.308	4.074	4.84	5.453	6.066	6.482	6.899	6.705	6.512	5.562	6.235	16.815	41.089	42.473	32.72	37.989	33.287	23.153	10.876	24.242	12.464	9.409	1.007	1.007	1.005	1.009	1.009	1.005	1.006	1.001	1.007	1.004	9.671	1.001	1.001	1.346	1.003	16.726	34.155	28.822	26.656	9
36	2025/8/2 0:16	14	25.5	94.2	997.1	-7.6	0	6.72	0	0	2.163	1.89	1.618	1.345	1.073	1.132	1.191	1.25	1.31	1.182	1.055	0.928	0.801	0.771	0.742	0.712	0.683	0.561	0.439	0.318	0.196	0.147	0.099	0.049	0	0	0	0	0	0	0	0	0	0	0	0	0	0	0	0	0	0	0	0	0	0	0	0	0	0	0	0	0	0	0	0	0.003	0	0.028	0	0.035	0	0.021	0.075	0.068	0.058	0.025	0.017	0.017	0.017	0.014	0.013	0.013	0.02	0	0	0	0	0	0	0	0	0	9
37	2025/8/2 0:18	11	25.5	94.2	997.1	-7.6	0	6.72	0	0	25.5	25.439	25.378	25.317	25.256	25.234	25.212	25.19	25.168	25.146	25.124	25.102	25.08	25.057	25.034	25.011	24.988	24.94	24.893	24.845	24.798	24.641	24.484	24.291	24.097	23.796	23.495	23.227	22.958	22.664	22.37	22.064	21.759	21.504	21.248	20.962	20.676	20.421	20.166	19.863	19.561	19.288	19.015	18.771	18.527	18.287	18.047	17.797	17.546	17.308	17.07	15.747	14.435	13.116	11.812	10.664	9.186	7.892	6.583	5.209	3.773	2.458	1.282	0.059	-1.12	-2.2	-3.643	-4.97	-6.352	-7.74	-9.026	-10.312	-11.632	-13.082	-14.621	-16.247	-17.812	-19.385	-21.053	-22.743	-24.431	-26.065	-27.885	9
38	2025/8/2 0:18	12	25.5	94.2	997.1	-7.6	0	6.72	0	0	22.301	21.582	20.863	20.144	19.425	18.915	18.405	17.895	17.385	16.5	15.615	14.73	13.845	13.142	12.439	11.736	11.033	10.39	9.748	9.105	8.463	7.779	7.095	6.717	6.34	5.8	5.26	4.22	3.181	3.039	2.896	2.931	2.965	2.461	1.958	1.377	0.797	0.724	0.652	0.535	0.418	0.49	0.562	0.683	0.804	0.989	1.175	1.182	1.19	1.142	1.095	0.871	0.214	0.294	2.251	2.38	2.693	2.016	1.396	1.556	1.924	2.094	0.378	1.218	1.03	0.595	0.149	0.213	0.72	0.51	0.495	0.643	0.448	0.12	0.547	0.14	0.01	0.016	0.015	0.333	0.009	0.256	0.16	9
39	2025/8/2 0:18	13	25.5	94.2	997.1	-7.6	0	6.72	0	0	94.2	91.78	89.36	86.94	84.52	83.625	82.729	81.833	80.938	77.779	74.619	71.46	68.301	63.883	59.466	55.049	50.632	48.098	45.565	43.032	40.498	40.727	40.955	40.055	39.154	36.296	33.437	29.6	25.763	22.385	19.007	17.744	16.481	15.37	14.259	8.961	3.664	3.606	3.548	2.95	2.351	2.831	3.311	4.075	4.838	5.451	6.064	6.477	6.89	6.7	6.511	5.56	6.214	16.804	41.082	42.471	32.721	37.992	33.297	23.147	10.862	24.216	12.434	9.384	1.009	1.007	1.004	1.008	1.009	1.009	1.001	1.006	1.009	1.009	9.609	1.009	1.003	1.312	1.009	16.66	34.103	28.781	26.64	9
40	2025/8/2 0:18	14	25.5	94.2	997.1	-7.6	0	6.72	0	0	2.164	1.891	1.618	1.346	1.073	1.133	1.192	1.251	1.311	1.183	1.056	0.929	0.801	0.772	0.743	0.714	0.684	0.562	0.44	0.318	0.196	0.148	0.099	0.05	0	0	0	0	0	0	0	0	0	0	0	0	0	0	0	0	0	0	0	0	0	0	0	0	0	0	0	0	0	0	0	0	0.003	0	0.028	0	0.035	0	0.021	0.075	0.068	0.058	0.025	0.017	0.017	0.017	0.014	0.013	0.013	0.02	0	0	0	0	0	0	0	0	0	9
41	2025/8/2 0:20	11	25.5	94.2	997.1	-7.6	0	6.72	0	0	25.5	25.442	25.385	25.327	25.269	25.248	25.227	25.205	25.184	25.165	25.147	25.129	25.11	25.088	25.067	25.045	25.023	24.977	24.931	24.885	24.839	24.682	24.525	24.329	24.134	23.83	23.527	23.255	22.984	22.687	22.39	22.082	21.773	21.517	21.26	20.974	20.688	20.43	20.172	19.869	19.566	19.292	19.018	18.772	18.525	18.287	18.049	17.797	17.546	17.306	17.066	15.744	14.427	13.105	11.8	10.647	9.169	7.878	6.568	5.192	3.756	2.439	1.263	0.043	-1.14	-2.218	-3.668	-4.999	-6.383	-7.774	-9.055	-10.341	-11.656	-13.105	-14.646	-16.269	-17.839	-19.414	-21.08	-22.767	-24.454	-26.084	-27.906	9
42	2025/8/2 0:20	12	25.5	94.2	997.1	-7.6	0	6.72	0	0	22.301	21.578	20.855	20.131	19.408	18.899	18.39	17.88	17.371	16.489	15.606	14.723	13.841	13.14	12.44	11.74	11.04	10.4	9.761	9.121	8.481	7.801	7.121	6.728	6.336	5.809	5.282	4.241	3.201	3.05	2.9	2.933	2.965	2.461	1.956	1.373	0.789	0.722	0.655	0.533	0.411	0.488	0.566	0.686	0.807	0.992	1.178	1.184	1.191	1.139	1.087	0.877	0.206	0.292	2.244	2.369	2.673	1.995	1.38	1.539	1.896	2.069	0.361	1.2	1.008	0.578	0.135	0.19	0.708	0.503	0.491	0.643	0.448	0.109	0.547	0.132	0.012	0.016	0.007	0.334	0.012	0.256	0.16	9
43	2025/8/2 0:20	13	25.5	94.2	997.1	-7.6	0	6.72	0	0	94.2	91.782	89.363	86.945	84.527	83.633	82.738	81.844	80.95	77.793	74.635	71.478	68.321	63.906	59.49	55.075	50.66	48.129	45.598	43.067	40.536	40.767	40.999	40.1	39.201	36.344	33.487	29.651	25.816	22.434	19.053	17.79	16.528	15.395	14.262	8.961	3.66	3.604	3.548	2.948	2.348	2.83	3.312	4.077	4.841	5.453	6.065	6.482	6.898	6.704	6.509	5.561	6.233	16.826	41.072	42.433	32.672	37.927	33.229	23.068	10.792	24.1	12.34	9.3	1.002	1.003	1.007	1.009	1.003	1.005	1.008	1.002	1.003	1.008	9.573	1.002	1.007	1.3	1.001	16.642	34.096	28.774	26.656	9
44	2025/8/2 0:20	14	25.5	94.2	997.1	-7.6	0	6.72	0	0	2.163	1.891	1.618	1.346	1.073	1.132	1.192	1.251	1.31	1.183	1.055	0.928	0.801	0.772	0.742	0.713	0.684	0.562	0.44	0.318	0.196	0.147	0.099	0.049	0	0	0	0	0	0	0	0	0	0	0	0	0	0	0	0	0	0	0	0	0	0	0	0	0	0	0	0	0	0	0	0	0.003	0	0.028	0	0.035	0	0.021	0.075	0.068	0.058	0.025	0.017	0.017	0.017	0.014	0.013	0.013	0.02	0	0	0	0	0	0	0	0	0	9
45	2025/8/2 0:22	11	25.5	94.2	997.1	-7.6	0	6.72	0	0	25.5	25.441	25.382	25.323	25.263	25.241	25.219	25.196	25.174	25.154	25.133	25.113	25.093	25.07	25.047	25.024	25.002	24.954	24.907	24.86	24.813	24.656	24.498	24.303	24.108	23.805	23.503	23.233	22.963	22.667	22.371	22.064	21.757	21.501	21.245	20.96	20.674	20.417	20.16	19.858	19.556	19.282	19.009	18.763	18.517	18.278	18.04	17.789	17.537	17.298	17.059	15.738	14.425	13.106	11.804	10.654	9.178	7.887	6.579	5.205	3.771	2.456	1.279	0.059	-1.124	-2.201	-3.647	-4.977	-6.359	-7.749	-9.032	-10.319	-11.637	-13.086	-14.626	-16.248	-17.816	-19.391	-21.058	-22.746	-24.431	-26.064	-27.884	9
46	2025/8/2 0:22	12	25.5	94.2	997.1	-7.6	0	6.72	0	0	22.301	21.579	20.857	20.135	19.413	18.902	18.391	17.88	17.369	16.484	15.598	14.713	13.827	13.125	12.423	11.721	11.019	10.377	9.736	9.094	8.453	7.771	7.089	6.715	6.341	5.8	5.259	4.214	3.168	3.031	2.895	2.931	2.968	2.46	1.953	1.374	0.796	0.724	0.652	0.532	0.412	0.488	0.564	0.685	0.806	0.994	1.182	1.186	1.191	1.139	1.087	0.873	0.213	0.307	2.273	2.396	2.701	2.018	1.401	1.557	1.917	2.086	0.365	1.209	1.016	0.579	0.136	0.189	0.709	0.502	0.489	0.641	0.445	0.105	0.546	0.129	0.011	0.009	0.007	0.334	0.009	0.256	0.16	9
47	2025/8/2 0:22	13	25.5	94.2	997.1	-7.6	0	6.72	0	0	94.2	91.782	89.364	86.946	84.528	83.634	82.739	81.844	80.95	77.791	74.632	71.473	68.314	63.897	59.48	55.062	50.645	48.113	45.58	43.048	40.516	40.745	40.975	40.075	39.174	36.316	33.458	29.624	25.789	22.41	19.031	17.77	16.508	15.386	14.263	8.961	3.659	3.605	3.551	2.952	2.352	2.833	3.314	4.08	4.846	5.457	6.069	6.479	6.89	6.703	6.517	5.562	6.25	16.835	41.081	42.439	32.675	37.931	33.225	23.074	10.802	24.125	12.368	9.325	1.008	1.005	1.004	1	1.001	1.001	1.009	1.003	1.01	1.006	9.618	1.003	1.001	1.32	1.009	16.68	34.12	28.788	26.651	9
48	2025/8/2 0:22	14	25.5	94.2	997.1	-7.6	0	6.72	0	0	2.163	1.89	1.618	1.345	1.073	1.132	1.191	1.25	1.309	1.182	1.055	0.927	0.8	0.771	0.741	0.712	0.683	0.561	0.439	0.317	0.196	0.147	0.098	0.049	0	0	0	0	0	0	0	0	0	0	0	0	0	0	0	0	0	0	0	0	0	0	0	0	0	0	0	0	0	0	0	0	0.003	0	0.028	0	0.035	0	0.02	0.075	0.068	0.058	0.025	0.017	0.017	0.017	0.014	0.013	0.013	0.02	0	0	0	0	0	0	0	0	0	9
49	2025/8/2 0:24	11	25.5	94.2	997.1	-7.6	0	6.72	0	0	25.5	25.442	25.385	25.327	25.269	25.249	25.228	25.207	25.186	25.168	25.15	25.133	25.115	25.094	25.072	25.051	25.03	24.985	24.939	24.894	24.849	24.693	24.538	24.343	24.148	23.844	23.541	23.27	22.999	22.702	22.405	22.096	21.788	21.531	21.274	20.988	20.702	20.444	20.186	19.883	19.581	19.307	19.033	18.787	18.541	18.302	18.064	17.813	17.562	17.323	17.084	15.761	14.443	13.118	11.811	10.655	9.175	7.883	6.573	5.196	3.756	2.438	1.261	0.04	-1.142	-2.221	-3.671	-5.004	-6.388	-7.779	-9.059	-10.343	-11.658	-13.106	-14.647	-16.271	-17.841	-19.415	-21.08	-22.767	-24.455	-26.085	-27.908	9
50	2025/8/2 0:24	12	25.5	94.2	997.1	-7.6	0	6.72	0	0	22.301	21.578	20.855	20.131	19.408	18.899	18.39	17.881	17.372	16.489	15.607	14.724	13.842	13.142	12.442	11.742	11.042	10.402	9.763	9.124	8.485	7.805	7.125	6.733	6.34	5.813	5.286	4.247	3.208	3.053	2.899	2.931	2.962	2.456	1.95	1.37	0.79	0.72	0.649	0.534	0.418	0.492	0.565	0.685	0.806	0.991	1.177	1.18	1.184	1.138	1.091	0.879	0.215	0.287	2.235	2.36	2.666	1.991	1.375	1.536	1.894	2.067	0.363	1.2	1.009	0.58	0.137	0.195	0.71	0.505	0.493	0.644	0.45	0.114	0.548	0.136	0.011	0.013	0.01	0.334	0.005	0.256	0.16	9
51	2025/8/2 0:24	13	25.5	94.2	997.1	-7.6	0	6.72	0	0	94.2	91.783	89.365	86.948	84.531	83.635	82.739	81.844	80.948	77.788	74.627	71.467	68.306	63.888	59.469	55.051	50.632	48.098	45.564	43.03	40.496	40.724	40.952	40.05	39.148	36.29	33.431	29.596	25.76	22.382	19.004	17.741	16.478	15.37	14.261	8.964	3.667	3.608	3.55	2.948	2.345	2.831	3.316	4.076	4.837	5.453	6.069	6.48	6.891	6.703	6.515	5.558	6.227	16.808	41.064	42.433	32.678	37.953	33.257	23.112	10.836	24.176	12.411	9.374	1.001	1.007	1.003	1.004	1.007	1.005	1.008	1.006	1.002	1.008	9.67	1.009	1.005	1.35	1.002	16.727	34.172	28.841	26.702	9
52	2025/8/2 0:24	14	25.5	94.2	997.1	-7.6	0	6.72	0	0	2.163	1.891	1.618	1.345	1.073	1.132	1.191	1.25	1.309	1.182	1.055	0.927	0.8	0.771	0.741	0.712	0.683	0.561	0.439	0.317	0.195	0.147	0.099	0.049	0	0	0	0	0	0	0	0	0	0	0	0	0	0	0	0	0	0	0	0	0	0	0	0	0	0	0	0	0	0	0	0	0.003	0	0.028	0	0.035	0	0.02	0.075	0.068	0.058	0.025	0.017	0.017	0.017	0.014	0.013	0.013	0.02	0	0	0	0	0	0	0	0	0	9
53	2025/8/2 0:26	11	25.6	94.2	997.1	-7.6	0	6.73	0	0	25.6	25.535	25.47	25.404	25.339	25.311	25.282	25.254	25.225	25.197	25.169	25.142	25.114	25.085	25.057	25.028	25	24.948	24.897	24.845	24.793	24.631	24.469	24.272	24.075	23.772	23.469	23.199	22.93	22.637	22.344	22.038	21.732	21.476	21.22	20.932	20.645	20.391	20.136	19.834	19.531	19.259	18.987	18.745	18.502	18.265	18.028	17.78	17.531	17.291	17.052	15.733	14.428	13.12	11.829	10.684	9.213	7.919	6.617	5.253	3.823	2.506	1.329	0.106	-1.076	-2.168	-3.619	-4.948	-6.333	-7.723	-9.005	-10.291	-11.608	-13.058	-14.593	-16.223	-17.788	-19.363	-21.037	-22.726	-24.419	-26.057	-27.878	9
54	2025/8/2 0:26	12	25.6	94.2	997.1	-7.6	0	6.73	0	0	22.426	21.707	20.989	20.27	19.551	19.046	18.542	18.037	17.533	16.653	15.774	14.895	14.016	13.311	12.607	11.902	11.197	10.549	9.902	9.254	8.607	7.905	7.204	6.768	6.333	5.82	5.307	4.26	3.214	3.057	2.901	2.932	2.964	2.46	1.956	1.373	0.791	0.72	0.649	0.534	0.419	0.493	0.567	0.685	0.803	0.992	1.182	1.182	1.183	1.137	1.09	0.877	0.205	0.169	2.128	2.298	2.615	1.943	1.355	1.505	1.886	2.095	0.4	1.249	1.061	0.638	0.19	0.23	0.762	0.545	0.531	0.677	0.471	0.119	0.556	0.126	0.01	0.017	0.008	0.338	0.004	0.259	0.166	9
55	2025/8/2 0:26	13	25.6	94.2	997.1	-7.6	0	6.73	0	0	94.2	91.786	89.371	86.957	84.543	83.644	82.746	81.847	80.948	77.789	74.629	71.469	68.309	63.897	59.484	55.072	50.659	48.132	45.605	43.078	40.552	40.798	41.044	40.151	39.258	36.408	33.557	29.678	25.798	22.389	18.979	17.672	16.366	15.314	14.262	8.96	3.659	3.605	3.552	2.951	2.351	2.833	3.316	4.077	4.838	5.449	6.06	6.475	6.89	6.704	6.518	5.559	5.914	16.63	40.956	42.405	32.629	37.975	33.312	23.073	10.644	23.82	12.032	9.121	1.002	1.009	1.007	1.008	1.007	1.007	1.002	1.006	1.004	1.007	9.086	1.004	1.003	1.137	1.003	16.414	34.148	28.939	27.063	9
56	2025/8/2 0:26	14	25.6	94.2	997.1	-7.6	0	6.73	0	0	2.155	1.885	1.615	1.346	1.076	1.141	1.205	1.27	1.335	1.207	1.08	0.952	0.825	0.797	0.769	0.741	0.713	0.587	0.461	0.335	0.209	0.161	0.113	0.056	0	0	0	0	0	0	0	0	0	0	0	0	0	0	0	0	0	0	0	0	0	0	0	0	0	0	0	0	0	0	0	0	0.001	0	0.027	0	0.036	0	0.022	0.076	0.07	0.06	0.025	0.017	0.017	0.018	0.014	0.013	0.013	0.02	0	0	0	0	0	0	0	0	0	9
57	2025/8/2 0:28	11	25.7	94.1	996.9	-7.6	0	6.74	0	0	25.7	25.63	25.56	25.49	25.419	25.387	25.354	25.321	25.289	25.256	25.224	25.192	25.16	25.128	25.095	25.063	25.031	24.978	24.924	24.871	24.817	24.656	24.496	24.3	24.104	23.806	23.507	23.24	22.973	22.682	22.391	22.086	21.782	21.527	21.272	20.985	20.699	20.445	20.191	19.89	19.589	19.321	19.052	18.81	18.569	18.332	18.095	17.848	17.6	17.363	17.126	15.815	14.519	13.216	11.93	10.78	9.315	8.016	6.721	5.359	3.931	2.613	1.429	0.199	-0.986	-2.093	-3.537	-4.872	-6.255	-7.64	-8.916	-10.205	-11.524	-12.969	-14.502	-16.131	-17.696	-19.273	-20.952	-22.644	-24.345	-25.989	-27.815	9
58	2025/8/2 0:28	12	25.7	94.1	996.9	-7.6	0	6.74	0	0	22.528	21.799	21.07	20.341	19.612	19.098	18.584	18.071	17.557	16.665	15.774	14.882	13.991	13.275	12.559	11.842	11.126	10.47	9.814	9.158	8.502	7.789	7.075	6.706	6.337	5.8	5.262	4.181	3.099	3.001	2.902	2.935	2.967	2.458	1.949	1.369	0.789	0.723	0.657	0.536	0.415	0.489	0.562	0.682	0.801	0.993	1.184	1.184	1.184	1.139	1.093	0.876	0.207	0.169	2.17	2.346	2.667	1.979	1.385	1.518	1.924	2.145	0.415	1.273	1.074	0.641	0.196	0.217	0.76	0.538	0.523	0.67	0.457	0.099	0.545	0.113	0.015	0.014	0.011	0.334	0.004	0.257	0.165	9
59	2025/8/2 0:28	13	25.7	94.1	996.9	-7.6	0	6.74	0	0	94.1	91.67	89.239	86.809	84.378	83.466	82.554	81.642	80.73	77.55	74.369	71.189	68.008	63.58	59.151	54.723	50.294	47.764	45.235	42.705	40.176	40.434	40.692	39.823	38.953	36.107	33.26	29.339	25.417	22	18.583	17.281	15.979	15.117	14.255	8.96	3.666	3.607	3.548	2.947	2.345	2.826	3.308	4.076	4.844	5.456	6.068	6.481	6.895	6.704	6.514	5.562	5.591	16.588	41.458	43.144	33.468	38.875	34.147	23.751	11.067	24.504	12.417	9.424	1.002	1.001	1.005	1.007	1.004	1.009	1.007	1.001	1	1.003	8.103	1.007	1.002	1.006	1.008	15.502	33.356	28.223	26.354	9
60	2025/8/2 0:28	14	25.7	94.1	996.9	-7.6	0	6.74	0	0	2.177	1.9	1.623	1.345	1.068	1.14	1.212	1.283	1.355	1.229	1.102	0.976	0.85	0.824	0.798	0.771	0.745	0.612	0.479	0.346	0.213	0.169	0.125	0.062	0	0	0	0	0	0	0	0	0	0	0	0	0	0	0	0	0	0	0	0	0	0	0	0	0	0	0	0	0	0	0	0	0	0	0.027	0	0.038	0	0.024	0.079	0.071	0.061	0.025	0.017	0.017	0.018	0.014	0.013	0.013	0.02	0	0	0	0	0	0	0	0	0	9
61	2025/8/2 0:30	11	25.8	94.1	996.8	-7.6	0	6.75	0	0	25.8	25.73	25.66	25.591	25.521	25.485	25.45	25.414	25.379	25.347	25.315	25.283	25.251	25.218	25.184	25.151	25.118	25.064	25.01	24.956	24.903	24.74	24.578	24.379	24.181	23.882	23.584	23.315	23.045	22.753	22.46	22.153	21.847	21.59	21.332	21.047	20.762	20.504	20.247	19.947	19.647	19.378	19.109	18.864	18.619	18.384	18.149	17.901	17.654	17.414	17.175	15.87	14.574	13.272	11.993	10.835	9.378	8.083	6.795	5.439	4.016	2.695	1.507	0.278	-0.915	-2.024	-3.469	-4.806	-6.189	-7.576	-8.845	-10.138	-11.457	-12.901	-14.431	-16.053	-17.621	-19.204	-20.883	-22.573	-24.276	-25.921	-27.75	9
62	2025/8/2 0:30	12	25.8	94.1	996.8	-7.6	0	6.75	0	0	22.654	21.912	21.17	20.427	19.685	19.16	18.635	18.11	17.585	16.677	15.77	14.862	13.954	13.227	12.499	11.771	11.044	10.379	9.714	9.049	8.385	7.661	6.937	6.639	6.34	5.802	5.265	4.11	2.956	2.926	2.896	2.931	2.965	2.458	1.952	1.371	0.79	0.719	0.648	0.532	0.416	0.492	0.568	0.688	0.808	0.995	1.181	1.185	1.188	1.141	1.093	0.874	0.209	0.166	2.228	2.408	2.729	2.017	1.42	1.54	1.964	2.198	0.421	1.297	1.087	0.641	0.196	0.192	0.759	0.535	0.52	0.673	0.45	0.073	0.542	0.095	0.016	0.01	0.012	0.335	0.012	0.258	0.165	9
63	2025/8/2 0:30	13	25.8	94.1	996.8	-7.6	0	6.75	0	0	94.1	91.657	89.213	86.77	84.326	83.403	82.481	81.558	80.635	77.441	74.247	71.053	67.859	63.425	58.99	54.556	50.121	47.594	45.068	42.541	40.015	40.294	40.573	39.724	38.876	36.035	33.195	29.217	25.239	21.793	18.348	17.019	15.691	14.974	14.258	8.959	3.661	3.604	3.547	2.948	2.349	2.832	3.315	4.077	4.838	5.452	6.066	6.482	6.898	6.705	6.511	5.557	5.271	16.499	41.727	43.588	33.959	39.446	34.69	24.128	11.192	24.64	12.362	9.41	1	1.009	1.004	1.005	1.001	1.008	1.004	1.005	1.004	1.003	7.26	1.002	1.008	1.007	1.007	14.872	32.957	27.934	26.23	9
64	2025/8/2 0:30	14	25.8	94.1	996.8	-7.6	0	6.75	0	0	2.161	1.888	1.615	1.342	1.069	1.145	1.222	1.298	1.374	1.248	1.122	0.996	0.869	0.845	0.82	0.795	0.771	0.634	0.498	0.362	0.226	0.181	0.137	0.07	0.003	0.002	0	0	0	0	0	0	0	0	0	0	0	0	0	0	0	0	0	0	0	0	0	0	0	0	0	0	0	0	0	0	0	0	0.027	0	0.039	0	0.025	0.08	0.073	0.062	0.026	0.017	0.018	0.018	0.014	0.014	0.013	0.02	0	0	0	0	0	0	0	0	0	9