WNDROBS 01.20
58238 0118.8994 031.9317 00040.6 LC 20250802001200
ROBS
00100 180.6 005.0 0000.1 100 100 4.6E-015
00160 187.2 005.4 0000.2 100 100 5.2E-015
00220 193.0 005.6 0000.2 100 100 3.3E-015
00280 200.6 006.0 0000.2 100 100 2.7E-015
00340 207.5 006.7 0000.2 100 100 1.4E-015
00400 210.7 006.8 0000.3 100 100 2.3E-015
00460 214.7 007.1 0000.2 100 100 1.3E-015
00520 220.6 007.4 0000.2 100 100 1.6E-015
00580 225.5 007.5 0000.2 100 100 2.0E-015
00640 228.3 007.7 0000.2 100 100 1.7E-015
00700 230.3 007.7 0000.2 100 100 1.2E-015
00760 231.8 007.8 0000.1 100 100 9.1E-016
00820 233.5 007.7 0000.1 100 100 1.2E-015
00940 238.4 007.6 0000.0 100 100 3.3E-016
01060 243.2 007.0 0000.0 100 100 1.6E-016
01180 248.1 006.4 -000.0 100 100 1.7E-016
01300 251.7 006.0 -000.0 100 100 3.2E-016
01420 252.4 006.1 0000.0 100 100 2.5E-016
01540 254.0 006.2 0000.0 100 100 2.1E-016
01660 257.4 006.2 -000.1 100 100 1.0E-016
01780 260.2 006.6 -000.1 100 100 1.3E-016
01900 262.1 006.7 -000.1 100 100 1.2E-016
02020 250.8 006.2 -000.0 100 100 2.1E-016
02260 253.1 006.3 -000.0 100 100 4.0E-017
02500 254.8 006.2 -000.1 100 100 8.5E-017
02740 256.9 005.8 -000.0 100 100 4.4E-017
02980 257.0 005.5 -000.1 100 100 5.3E-017
03220 253.7 005.4 -000.1 100 100 7.0E-017
03460 257.3 005.1 -000.0 100 100 9.2E-017
03700 256.7 005.2 0000.0 100 100 9.6E-017
03940 256.2 005.5 -000.0 100 100 3.1E-017
04180 259.4 005.5 0000.1 100 100 2.5E-017
04420 265.6 005.3 0000.2 100 100 5.0E-017
04660 268.1 005.3 0000.3 100 100 6.1E-017
04900 271.3 005.1 0000.5 100 100 8.9E-017
05140 277.0 005.4 0000.3 100 100 6.5E-017
05380 283.6 006.1 0000.2 100 100 4.7E-017
05620 288.2 007.2 0000.2 100 100 4.9E-017
05860 289.4 007.5 0000.2 100 100 1.0E-016
06100 291.7 007.8 0000.2 100 100 4.9E-017
06340 293.0 007.5 0000.3 100 100 2.7E-017
06580 ///// ///// ////// /// /// ////////
06820 ///// ///// ////// /// /// ////////
07060 ///// ///// ////// /// /// ////////
07300 ///// ///// ////// /// /// ////////
07540 ///// ///// ////// /// /// ////////
07780 ///// ///// ////// /// /// ////////
08020 ///// ///// ////// /// /// ////////
08260 ///// ///// ////// /// /// ////////
08500 ///// ///// ////// /// /// ////////
08740 ///// ///// ////// /// /// ////////
08980 ///// ///// ////// /// /// ////////
09220 ///// ///// ////// /// /// ////////
09460 ///// ///// ////// /// /// ////////
09700 ///// ///// ////// /// /// ////////
09940 ///// ///// ////// /// /// ////////
10180 ///// ///// ////// /// /// ////////
10420 ///// ///// ////// /// /// ////////
10660 ///// ///// ////// /// /// ////////
10900 ///// ///// ////// /// /// ////////
11140 ///// ///// ////// /// /// ////////
11380 ///// ///// ////// /// /// ////////
NNNN
