WNDROBS 01.20
58238 0118.8994 031.9317 00040.6 LC 20250802001800
ROBS
00100 180.6 005.0 0000.5 100 100 4.8E-015
00160 187.1 005.5 0000.5 100 100 5.9E-015
00220 192.6 006.0 0000.6 100 100 3.9E-015
00280 198.0 006.7 0000.6 100 100 3.8E-015
00340 204.7 007.0 0000.8 100 100 3.6E-015
00400 207.7 007.0 0000.8 100 100 3.3E-015
00460 211.9 007.2 0000.5 100 100 1.6E-015
00520 218.8 007.4 0000.5 100 100 1.8E-015
00580 224.0 007.6 0000.5 100 100 1.6E-015
00640 226.0 007.7 0000.4 100 100 1.8E-015
00700 227.6 007.7 0000.4 100 100 1.6E-015
00760 231.5 007.9 0000.3 100 100 1.2E-015
00820 233.0 008.1 0000.3 100 100 1.1E-015
00940 241.2 007.7 0000.2 100 100 4.4E-016
01060 244.2 007.2 0000.1 100 100 1.6E-016
01180 246.9 006.4 0000.1 100 100 1.4E-016
01300 249.8 006.1 0000.0 100 100 2.3E-016
01420 250.2 006.2 0000.0 100 100 3.0E-016
01540 252.4 006.3 0000.0 100 100 2.1E-016
01660 255.7 006.9 0000.0 100 100 1.2E-016
01780 258.8 007.1 0000.0 100 100 1.1E-016
01900 260.1 006.9 0000.1 100 100 9.6E-017
02020 249.8 006.0 0000.0 100 100 1.8E-016
02260 251.8 005.9 -000.1 100 100 6.0E-017
02500 253.2 006.0 -000.1 100 100 8.5E-017
02740 256.2 005.6 -000.0 100 100 5.8E-017
02980 256.0 005.4 -000.1 100 100 5.3E-017
03220 253.7 005.4 -000.1 100 100 1.1E-016
03460 256.3 005.1 -000.0 100 100 1.0E-016
03700 256.3 005.2 0000.0 100 100 1.0E-016
03940 254.2 005.5 0000.1 100 100 3.9E-017
04180 257.8 005.6 0000.2 100 100 3.4E-017
04420 263.6 005.4 0000.4 100 100 4.9E-017
04660 265.9 005.4 0000.6 100 100 8.5E-017
04900 271.3 005.1 0000.6 100 100 1.4E-016
05140 276.8 005.5 0000.4 100 100 9.3E-017
05380 283.0 006.4 0000.3 100 100 5.2E-017
05620 287.6 007.5 0000.2 100 100 5.1E-017
05860 289.0 007.6 0000.2 100 100 1.0E-016
06100 292.2 007.7 0000.2 100 100 5.6E-017
06340 294.9 007.0 0000.3 100 100 2.7E-017
06580 ///// ///// ////// /// /// ////////
06820 ///// ///// ////// /// /// ////////
07060 ///// ///// ////// /// /// ////////
07300 ///// ///// ////// /// /// ////////
07540 ///// ///// ////// /// /// ////////
07780 ///// ///// ////// /// /// ////////
08020 ///// ///// ////// /// /// ////////
08260 ///// ///// ////// /// /// ////////
08500 ///// ///// ////// /// /// ////////
08740 ///// ///// ////// /// /// ////////
08980 ///// ///// ////// /// /// ////////
09220 ///// ///// ////// /// /// ////////
09460 ///// ///// ////// /// /// ////////
09700 ///// ///// ////// /// /// ////////
09940 ///// ///// ////// /// /// ////////
10180 ///// ///// ////// /// /// ////////
10420 ///// ///// ////// /// /// ////////
10660 ///// ///// ////// /// /// ////////
10900 ///// ///// ////// /// /// ////////
11140 ///// ///// ////// /// /// ////////
11380 ///// ///// ////// /// /// ////////
NNNN
