WNDROBS 01.20
58238 0118.8994 031.9317 00040.6 LC 20250802002400
ROBS
00100 189.1 005.7 0000.6 100 100 5.5E-015
00160 193.0 006.1 0000.6 100 100 8.4E-015
00220 196.6 006.5 0000.6 100 100 9.6E-015
00280 199.6 007.1 0000.6 100 100 5.9E-015
00340 204.3 007.2 0000.6 100 100 4.2E-015
00400 208.6 006.9 0000.7 100 100 3.3E-015
00460 215.4 007.1 0000.8 100 100 1.4E-015
00520 218.9 007.2 0000.7 100 100 2.7E-015
00580 222.4 007.5 0000.7 100 100 1.5E-015
00640 224.6 007.7 0000.7 100 100 1.4E-015
00700 227.1 007.8 0000.7 100 100 1.6E-015
00760 231.8 007.9 0000.6 100 100 1.5E-015
00820 234.4 007.9 0000.6 100 100 1.1E-015
00940 241.2 007.7 0000.7 100 100 5.6E-016
01060 243.2 007.3 0000.6 100 100 3.1E-016
01180 245.1 006.7 0000.5 100 100 1.8E-016
01300 247.9 006.3 0000.4 100 100 2.3E-016
01420 249.7 006.2 0000.4 100 100 2.9E-016
01540 252.9 006.5 -000.0 100 100 3.0E-016
01660 256.6 007.3 0000.4 100 100 2.2E-016
01780 259.5 007.6 0000.3 100 100 1.2E-016
01900 259.6 007.3 0000.3 100 100 1.2E-016
02020 251.1 006.3 0000.4 100 100 2.4E-016
02260 253.0 006.4 0000.3 100 100 8.2E-017
02500 254.0 006.3 0000.2 100 100 8.5E-017
02740 256.7 005.8 0000.2 100 100 8.8E-017
02980 256.2 005.5 0000.2 100 100 6.2E-017
03220 253.2 005.2 0000.2 100 100 1.9E-016
03460 258.1 005.0 0000.0 100 100 9.0E-017
03700 257.3 005.2 0000.2 100 100 1.3E-016
03940 255.7 005.4 0000.3 100 100 6.2E-017
04180 260.5 005.1 0000.4 100 100 6.7E-017
04420 267.8 004.7 0000.7 100 100 1.1E-016
04660 270.6 004.7 0000.7 100 100 2.2E-016
04900 278.1 004.9 0000.6 100 100 9.9E-017
05140 282.4 005.6 0000.4 100 100 9.3E-017
05380 286.9 006.5 0000.2 100 100 5.3E-017
05620 288.8 007.5 0000.2 100 100 6.3E-017
05860 289.8 007.7 0000.2 100 100 1.1E-016
06100 292.2 007.7 0000.2 100 100 5.5E-017
06340 295.6 007.0 0000.3 100 100 2.7E-017
06580 ///// ///// ////// /// /// ////////
06820 ///// ///// ////// /// /// ////////
07060 ///// ///// ////// /// /// ////////
07300 ///// ///// ////// /// /// ////////
07540 ///// ///// ////// /// /// ////////
07780 ///// ///// ////// /// /// ////////
08020 ///// ///// ////// /// /// ////////
08260 ///// ///// ////// /// /// ////////
08500 ///// ///// ////// /// /// ////////
08740 ///// ///// ////// /// /// ////////
08980 ///// ///// ////// /// /// ////////
09220 ///// ///// ////// /// /// ////////
09460 ///// ///// ////// /// /// ////////
09700 ///// ///// ////// /// /// ////////
09940 ///// ///// ////// /// /// ////////
10180 ///// ///// ////// /// /// ////////
10420 ///// ///// ////// /// /// ////////
10660 ///// ///// ////// /// /// ////////
10900 ///// ///// ////// /// /// ////////
11140 ///// ///// ////// /// /// ////////
11380 ///// ///// ////// /// /// ////////
NNNN
