WNDROBS 01.20
58238 0118.8994 031.9317 00040.6 LC 20250802000000
ROBS
00100 155.4 004.6 -000.1 100 100 1.0E-015
00160 170.9 004.6 -000.2 100 100 8.5E-016
00220 185.8 004.7 -000.1 100 100 8.7E-016
00280 199.6 005.0 -000.0 100 100 4.5E-016
00340 210.0 005.8 -000.1 100 100 4.8E-016
00400 214.4 006.6 -000.1 100 100 3.5E-016
00460 217.3 007.1 -000.1 100 100 8.2E-016
00520 222.8 007.1 -000.0 100 100 9.2E-016
00580 227.6 007.3 0000.1 100 100 9.9E-016
00640 229.7 007.5 0000.1 100 100 1.8E-015
00700 232.1 007.5 0000.1 100 100 1.3E-015
00760 231.4 007.2 0000.1 100 100 5.6E-016
00820 231.8 007.1 0000.1 100 100 6.2E-016
00940 239.3 007.0 -000.2 100 100 1.5E-016
01060 245.8 006.6 -000.1 100 100 9.6E-017
01180 255.2 006.1 -000.1 100 100 2.0E-016
01300 258.9 006.2 -000.1 100 100 3.6E-016
01420 260.3 005.5 -000.0 100 100 3.0E-016
01540 258.4 005.6 0000.0 100 100 1.4E-016
01660 262.5 005.4 -000.0 100 100 6.6E-017
01780 261.1 006.0 -000.1 100 100 1.7E-016
01900 262.1 006.1 -000.0 100 100 1.9E-016
02020 258.3 006.0 -000.0 100 100 1.7E-016
02260 258.4 005.9 -000.0 100 100 3.6E-017
02500 260.8 005.6 -000.0 100 100 6.6E-017
02740 258.5 005.5 -000.0 100 100 3.4E-017
02980 259.7 005.4 -000.0 100 100 4.9E-017
03220 254.8 005.4 -000.1 100 100 7.8E-017
03460 258.1 005.0 -000.1 100 100 1.1E-016
03700 255.1 005.2 -000.1 100 100 8.3E-017
03940 256.7 005.5 -000.1 100 100 2.3E-017
04180 258.2 005.5 -000.0 100 100 2.4E-017
04420 265.3 005.3 0000.0 100 100 3.3E-017
04660 273.7 005.3 0000.1 100 100 4.2E-017
04900 281.0 005.2 0000.1 100 100 4.8E-017
05140 288.0 005.4 0000.1 100 100 5.2E-017
05380 287.1 006.0 0000.2 100 100 5.3E-017
05620 288.1 007.1 0000.1 100 100 5.3E-017
05860 287.9 007.4 0000.1 100 100 1.0E-016
06100 289.6 007.7 0000.1 100 100 4.9E-017
06340 292.1 007.8 0000.2 100 100 3.7E-017
06580 ///// ///// ////// /// /// ////////
06820 ///// ///// ////// /// /// ////////
07060 ///// ///// ////// /// /// ////////
07300 ///// ///// ////// /// /// ////////
07540 ///// ///// ////// /// /// ////////
07780 ///// ///// ////// /// /// ////////
08020 ///// ///// ////// /// /// ////////
08260 ///// ///// ////// /// /// ////////
08500 ///// ///// ////// /// /// ////////
08740 ///// ///// ////// /// /// ////////
08980 ///// ///// ////// /// /// ////////
09220 ///// ///// ////// /// /// ////////
09460 ///// ///// ////// /// /// ////////
09700 ///// ///// ////// /// /// ////////
09940 ///// ///// ////// /// /// ////////
10180 ///// ///// ////// /// /// ////////
10420 ///// ///// ////// /// /// ////////
10660 ///// ///// ////// /// /// ////////
10900 ///// ///// ////// /// /// ////////
11140 ///// ///// ////// /// /// ////////
11380 ///// ///// ////// /// /// ////////
NNNN
