WNDROBS 01.20
58238 0118.8994 031.9317 00040.6 LC 20250802003000
ROBS
00100 193.4 005.8 0000.7 100 100 4.6E-015
00160 195.1 006.4 0000.8 100 100 6.9E-015
00220 196.7 006.9 0000.9 100 100 7.0E-015
00280 198.9 007.4 0001.0 100 100 5.5E-015
00340 202.8 007.6 0001.0 100 100 4.0E-015
00400 206.3 007.5 0000.9 100 100 5.0E-015
00460 212.8 007.5 0000.9 100 100 2.6E-015
00520 215.2 007.7 0000.9 100 100 3.0E-015
00580 220.2 007.9 0000.8 100 100 1.7E-015
00640 223.6 008.0 0000.8 100 100 1.9E-015
00700 226.4 007.9 0000.8 100 100 1.7E-015
00760 230.3 007.9 0000.8 100 100 1.5E-015
00820 234.3 007.7 0000.8 100 100 1.1E-015
00940 241.5 007.8 0000.8 100 100 4.4E-016
01060 243.3 007.3 0000.8 100 100 2.2E-016
01180 244.7 006.7 0000.8 100 100 1.9E-016
01300 249.2 006.6 0000.7 100 100 2.2E-016
01420 250.6 006.5 0000.9 100 100 2.7E-016
01540 253.2 006.8 0000.8 100 100 2.9E-016
01660 255.6 007.4 0000.5 100 100 1.9E-016
01780 257.8 007.6 0000.5 100 100 1.4E-016
01900 258.3 007.2 0000.5 100 100 2.3E-016
02020 252.9 006.6 0000.6 100 100 2.8E-016
02260 251.6 006.5 0000.4 100 100 3.1E-016
02500 251.5 006.4 0000.4 100 100 8.4E-017
02740 255.0 006.1 0000.3 100 100 1.4E-016
02980 257.6 005.6 0000.2 100 100 7.0E-017
03220 256.8 005.2 0000.2 100 100 2.4E-016
03460 258.7 005.0 0000.0 100 100 8.8E-017
03700 253.7 005.1 0000.3 100 100 1.3E-016
03940 248.2 005.6 0000.4 100 100 9.0E-017
04180 252.7 005.9 0000.5 100 100 1.2E-016
04420 257.5 005.7 0000.7 100 100 2.0E-016
04660 263.2 005.7 0000.7 100 100 2.4E-016
04900 271.5 005.7 0000.5 100 100 1.2E-016
05140 277.0 006.3 0000.4 100 100 1.1E-016
05380 283.1 007.1 0000.2 100 100 5.8E-017
05620 287.9 007.6 0000.1 100 100 6.9E-017
05860 288.7 007.7 0000.2 100 100 1.1E-016
06100 291.4 007.6 0000.2 100 100 6.4E-017
06340 294.5 007.0 0000.3 100 100 3.0E-017
06580 ///// ///// ////// /// /// ////////
06820 ///// ///// ////// /// /// ////////
07060 ///// ///// ////// /// /// ////////
07300 ///// ///// ////// /// /// ////////
07540 ///// ///// ////// /// /// ////////
07780 ///// ///// ////// /// /// ////////
08020 ///// ///// ////// /// /// ////////
08260 ///// ///// ////// /// /// ////////
08500 ///// ///// ////// /// /// ////////
08740 ///// ///// ////// /// /// ////////
08980 ///// ///// ////// /// /// ////////
09220 ///// ///// ////// /// /// ////////
09460 ///// ///// ////// /// /// ////////
09700 ///// ///// ////// /// /// ////////
09940 ///// ///// ////// /// /// ////////
10180 ///// ///// ////// /// /// ////////
10420 ///// ///// ////// /// /// ////////
10660 ///// ///// ////// /// /// ////////
10900 ///// ///// ////// /// /// ////////
11140 ///// ///// ////// /// /// ////////
11380 ///// ///// ////// /// /// ////////
NNNN
