WNDRAD 01.20
58235 0118.8472 032.3686 00016.2 LC
32 03.0 15.0 15.0 15.0 15.0 00.0 00.0 5 060 0232 25000 00.4 04 04 02.0 00.0 00100 03100
0 20250731015400 20250731020000 3 016 064 0512 016 ELWSN/ 036.3 036.3 036.3 036.3
RAD FIRST
00100 0003.6 0034.8 0000.7
00160 0003.5 0038.6 0000.5
00220 0003.0 0032.6 0000.3
00280 0003.8 0026.6 0000.1
00340 0003.8 0026.7 -000.2
00400 0002.4 0023.1 -000.3
00460 0004.0 0022.6 0000.1
00520 0004.2 0027.2 0001.1
00580 0004.2 0033.2 0002.1
00640 0004.1 0037.0 0002.5
00700 0004.3 0039.3 0002.8
00760 0004.7 0041.7 0002.7
00820 0005.0 0042.4 0002.6
00880 0005.2 0041.1 0002.9
00940 0006.9 0039.5 0003.2
01000 0007.1 0037.4 0003.4
01060 0007.2 0035.6 0003.6
01120 0007.1 0034.6 0003.6
01180 0005.2 0032.7 0003.6
01240 0005.2 0033.6 0003.4
01300 0005.7 0033.0 0003.2
01360 0005.5 0031.1 0002.8
01420 0005.4 0029.3 0002.7
01480 0005.5 0027.5 0002.7
01540 0005.5 0027.7 0002.7
01600 0005.0 0027.5 0002.9
01660 0004.5 0026.8 0003.0
01720 0004.9 0023.9 0003.0
01780 0004.8 0021.7 0003.1
01840 0004.3 0021.2 0003.2
01900 0003.9 0021.3 0003.2
01960 0004.0 0019.5 0003.2
02020 0004.1 0018.5 0003.4
02080 0004.0 0017.9 0003.5
02140 0003.5 0014.8 0003.8
02200 0002.8 0012.6 0004.1
02260 0002.9 0012.7 0004.3
02320 0002.7 0011.1 0004.3
02380 0002.4 0010.1 0004.2
02440 0002.4 0009.2 0004.0
02500 0002.4 0009.0 0003.9
02560 0002.4 0008.1 0003.7
02620 0002.4 0008.7 0003.6
02680 0002.4 0009.2 0003.5
02740 0001.9 0007.5 0003.4
02800 0001.9 0008.5 0003.3
02860 0001.9 0007.6 0003.2
02920 0001.6 0006.9 0003.0
02980 0001.3 0005.0 0003.0
03040 0001.1 0004.6 0002.3
03100 ////// ////// //////
NNNN
RAD SECOND
00100 0004.2 0035.3 0001.5
00160 0003.5 0038.8 0001.3
00220 0003.5 0037.2 0001.0
00280 0003.6 0035.9 0000.7
00340 0003.6 0034.4 0000.3
00400 0003.7 0031.8 0000.1
00460 0004.2 0029.0 0000.1
00520 0005.2 0032.3 0000.1
00580 0004.6 0034.2 0000.3
00640 0004.6 0037.4 0000.5
00700 0004.6 0038.2 0000.7
00760 0004.6 0038.7 0001.2
00820 0004.6 0039.1 0001.7
00880 0004.8 0038.5 0002.0
00940 0007.1 0038.2 0002.3
01000 0006.8 0037.1 0002.5
01060 0006.4 0036.4 0002.6
01120 0006.1 0035.1 0002.8
01180 0006.2 0034.5 0002.9
01240 0005.4 0034.4 0002.9
01300 0005.4 0032.2 0002.9
01360 0005.3 0030.6 0002.8
01420 0005.3 0028.6 0002.8
01480 0004.9 0027.1 0002.8
01540 0004.8 0026.5 0002.8
01600 0005.3 0025.9 0002.9
01660 0005.3 0023.8 0002.9
01720 0005.0 0021.4 0002.9
01780 0003.6 0018.7 0002.9
01840 0003.5 0017.7 0002.8
01900 0003.6 0016.7 0002.6
01960 0003.5 0014.9 0002.5
02020 0003.1 0013.6 0002.5
02080 0003.2 0011.3 0002.5
02140 0003.1 0009.7 0002.5
02200 0002.9 0009.9 0002.6
02260 0002.7 0010.7 0002.6
02320 0002.2 0010.2 0002.6
02380 0002.3 0009.7 0002.5
02440 0001.6 0010.7 0002.3
02500 0001.5 0010.2 0002.2
02560 0001.4 0009.6 0002.0
02620 0001.4 0009.0 0001.9
02680 0001.3 0008.5 0001.7
02740 0001.1 0007.0 0001.6
02800 0001.1 0005.3 0001.5
02860 0000.7 0004.7 0001.3
02920 0000.7 0004.1 0001.1
02980 0000.4 9999.0 0001.0
03040 ////// ////// 0000.7
03100 ////// ////// //////
NNNN
RAD THIRD
00100 0005.2 0031.5 0002.2
00160 0007.0 0037.3 0001.9
00220 0003.6 0035.6 0001.6
00280 0003.6 0030.3 0001.2
00340 0003.8 0027.8 0000.8
00400 0003.1 0023.8 0000.4
00460 0002.6 0024.6 -000.0
00520 0001.9 0021.1 -000.8
00580 0003.9 0022.8 -001.6
00640 0004.4 0021.8 -001.6
00700 0004.0 0023.4 -001.4
00760 0002.9 0022.5 -000.4
00820 0004.5 0027.7 0000.6
00880 0004.3 0028.9 0001.0
00940 0005.9 0029.1 0001.3
01000 0006.2 0029.4 0001.5
01060 0006.4 0028.7 0001.5
01120 0006.7 0029.4 0001.7
01180 0007.0 0029.7 0001.9
01240 0007.1 0029.5 0002.2
01300 0007.3 0031.7 0002.4
01360 0007.7 0032.5 0002.5
01420 0006.7 0031.0 0002.6
01480 0006.5 0030.7 0002.7
01540 0006.5 0029.8 0002.7
01600 0005.9 0027.2 0002.7
01660 0005.0 0025.4 0002.6
01720 0004.5 0025.3 0002.6
01780 0004.4 0023.8 0002.5
01840 0003.9 0022.0 0002.2
01900 0003.8 0019.0 0001.8
01960 0003.6 0016.9 0001.5
02020 0003.6 0015.8 0001.4
02080 0003.1 0013.2 0001.3
02140 0002.8 0010.7 0001.1
02200 0002.4 0010.5 0000.9
02260 0002.0 0009.8 0000.8
02320 0001.8 0009.3 0000.7
02380 0001.5 0010.8 0000.6
02440 0001.4 0009.7 0000.5
02500 0001.5 0010.4 0000.3
02560 0001.3 0009.7 0000.1
02620 0001.2 0009.1 0000.0
02680 0001.2 0008.9 -000.1
02740 0001.2 0008.7 -000.3
02800 0001.2 0007.6 -000.4
02860 0001.1 0006.6 -000.7
02920 0001.0 0006.8 -000.8
02980 0001.0 0006.2 -001.0
03040 0000.9 9999.0 -001.0
03100 ////// ////// //////
NNNN
RAD FOURTH
00100 0003.4 0029.9 -000.6
00160 0003.0 0034.7 -001.1
00220 0003.6 0033.0 -001.5
00280 0004.0 0029.3 -002.0
00340 0004.4 0027.7 -002.6
00400 0004.8 0026.5 -003.2
00460 0005.3 0025.9 -003.4
00520 0005.6 0026.0 -003.3
00580 0005.8 0026.1 -003.2
00640 0005.6 0027.4 -003.0
00700 0005.4 0028.5 -002.9
00760 0005.6 0028.6 -002.6
00820 0005.9 0029.3 -002.0
00880 0006.1 0034.4 -001.4
00940 0010.7 0041.4 -001.0
01000 0010.8 0043.0 -001.2
01060 0011.0 0041.2 -001.4
01120 0011.3 0040.5 -001.7
01180 0011.8 0040.9 -001.7
01240 0011.7 0039.3 -001.7
01300 0012.0 0038.8 -001.6
01360 0013.2 0039.1 -001.6
01420 0013.1 0038.3 -001.7
01480 0012.8 0036.1 -001.6
01540 0012.3 0035.0 -001.5
01600 0011.2 0030.4 -001.3
01660 0010.4 0028.6 -000.9
01720 0009.4 0027.7 -000.2
01780 0008.5 0027.6 0000.3
01840 0007.6 0026.2 0000.6
01900 0007.1 0026.2 0000.7
01960 0004.6 0024.5 0000.7
02020 0004.0 0023.9 0000.8
02080 0003.8 0021.5 0000.9
02140 0003.9 0020.7 0000.9
02200 0003.6 0019.6 0000.7
02260 0003.2 0018.9 0000.3
02320 0003.0 0016.2 -000.2
02380 0003.0 0014.5 -000.6
02440 0002.6 0013.9 -001.0
02500 0002.5 0011.7 -001.4
02560 0002.3 0011.5 -001.7
02620 0001.9 0009.2 -002.0
02680 0001.6 0007.1 -002.2
02740 0001.3 0005.6 -002.3
02800 0001.1 0005.8 -002.5
02860 0001.0 0005.0 -002.7
02920 0000.8 0005.1 -002.9
02980 0000.7 0005.2 -002.9
03040 0000.6 0004.2 -003.5
03100 ////// ////// //////
NNNN
RAD FIFTH
00100 0004.3 0034.6 0003.5
00160 0004.5 0031.0 0003.5
00220 0003.7 0029.6 0003.4
00280 0003.6 0030.8 0003.3
00340 0003.4 0028.4 0003.3
00400 0003.6 0026.9 0003.3
00460 0003.6 0029.6 0003.5
00520 0003.8 0029.8 0003.6
00580 0004.3 0028.7 0003.7
00640 0004.6 0025.2 0003.9
00700 0006.9 0027.4 0004.3
00760 0007.4 0034.6 0004.9
00820 0006.6 0040.9 0005.2
00880 0006.5 0042.1 0005.3
00940 0010.4 0040.2 0005.5
01000 0010.6 0038.5 0006.0
01060 0010.7 0038.7 0006.5
01120 0011.3 0037.5 0007.1
01180 0012.0 0036.5 0007.2
01240 0012.4 0036.3 0007.2
01300 0012.0 0035.8 0007.1
01360 0011.4 0037.8 0007.0
01420 0011.8 0038.5 0007.0
01480 0011.6 0038.0 0006.9
01540 0010.6 0036.8 0006.9
01600 0010.2 0037.2 0006.9
01660 0009.7 0037.7 0006.5
01720 0009.3 0036.7 0005.9
01780 0009.0 0033.9 0005.3
01840 0006.4 0031.6 0004.7
01900 0006.2 0027.6 0004.3
01960 0006.4 0024.4 0004.1
02020 0006.2 0018.2 0003.9
02080 0005.2 0013.9 0003.9
02140 0005.0 0011.2 0004.0
02200 0004.2 0010.6 0004.4
02260 0002.5 0010.8 0004.8
02320 0001.9 0010.9 0005.2
02380 0001.5 0011.3 0005.4
02440 0001.5 0011.2 0005.5
02500 0001.3 0010.3 0005.6
02560 0001.3 0009.2 0005.6
02620 0001.1 0007.3 0005.6
02680 0000.9 0006.2 0005.6
02740 0000.8 0005.5 0005.4
02800 0000.6 9999.0 0005.4
02860 ////// ////// 0005.2
02920 ////// ////// 0005.0
02980 ////// ////// 0004.9
03040 ////// ////// 0004.8
03100 ////// ////// //////
NNNN
32 03.0 15.0 15.0 15.0 15.0 00.0 00.0 5 060 0232 15625 06.4 04 04 02.0 00.2 00100 06100
0 20250731015400 20250731020000 3 012 040 0512 012 ELWSN/ 036.3 036.3 036.3 036.3
RAD FIRST
00100 0000.6 0004.4 -006.1
00220 0000.1 9999.0 -002.2
00340 0000.2 9999.0 0001.6
00460 0004.5 0007.2 0005.4
00580 0002.0 0005.6 0005.0
00700 0004.0 0006.9 0004.4
00820 0001.9 9999.0 0003.9
00940 0004.0 0007.2 0003.8
01060 0005.0 0009.0 0003.7
01180 0005.2 0010.0 0003.4
01300 0009.4 0013.0 0003.3
01420 0010.4 0017.4 0003.1
01540 0015.6 0021.6 0003.2
01660 0016.3 0028.7 0003.1
01780 0015.8 0034.5 0003.1
01900 0014.4 0032.1 0002.8
02020 0014.0 0033.7 0002.7
02140 0014.0 0031.4 0002.4
02260 0012.6 0028.8 0002.2
02380 0011.0 0028.1 0002.3
02500 0008.0 0024.9 0002.4
02620 0005.7 0022.8 0002.5
02740 0003.6 0020.5 0002.5
02860 0002.7 0018.4 0002.6
02980 0002.3 0015.7 0002.6
03100 0002.3 0013.8 0002.6
03220 0002.3 0012.7 0002.8
03340 0002.1 0012.8 0002.9
03460 0002.0 0010.4 0002.9
03580 0002.0 0008.5 0002.8
03700 0002.0 0008.7 0002.8
03820 0001.7 0007.9 0002.7
03940 0001.6 0006.4 0002.7
04060 0001.4 0004.6 0002.6
04180 0001.5 0006.5 0002.5
04300 0001.5 0005.9 0002.5
04420 0001.4 0005.2 0002.5
04540 0000.8 0004.1 0002.6
04660 0001.2 0004.2 0002.8
04780 0001.0 0006.3 0003.3
04900 0000.8 0004.1 0003.6
05020 0000.8 0005.4 0003.9
05140 0001.0 0006.9 0004.3
05260 0000.9 0007.0 0003.7
05380 0000.9 0006.0 0003.7
05500 0001.4 0008.7 0003.5
05620 0001.7 0010.6 0003.1
05740 0001.1 0006.4 0002.7
05860 0000.9 0005.6 0002.5
05980 0000.9 0006.8 0002.4
06100 0000.9 0006.7 0002.6
NNNN
RAD SECOND
00100 0003.4 0014.6 -001.0
00220 0002.5 0007.1 0000.2
00340 0002.0 0010.8 0001.3
00460 0006.5 0022.7 0002.5
00580 0002.8 0010.9 0002.3
00700 0003.2 0030.3 0002.2
00820 0007.9 0016.1 0001.9
00940 0009.2 0029.0 0001.9
01060 0007.0 0033.9 0002.2
01180 0002.4 0032.6 0002.3
01300 0011.0 0035.3 0002.4
01420 0009.8 0034.5 0002.2
01540 0008.9 0034.6 0002.2
01660 0008.7 0036.1 0002.1
01780 0008.3 0035.6 0002.0
01900 0008.3 0035.2 0001.9
02020 0007.3 0032.3 0001.8
02140 0006.5 0026.0 0001.5
02260 0005.8 0025.9 0001.3
02380 0005.4 0024.3 0001.2
02500 0003.5 0021.6 0001.2
02620 0002.3 0019.3 0001.2
02740 0002.2 0017.7 0001.2
02860 0002.0 0015.6 0001.1
02980 0002.1 0017.7 0000.9
03100 0002.0 0012.7 0000.7
03220 0001.7 0008.6 0000.6
03340 0001.4 0008.0 0000.5
03460 0001.5 0010.4 0000.5
03580 0001.3 0009.1 0000.6
03700 0001.2 0007.7 0000.9
03820 0000.8 0004.6 0001.2
03940 0001.2 0004.8 0001.2
04060 0001.1 0006.0 0001.2
04180 0001.4 0008.9 0001.1
04300 0001.2 0008.2 0001.0
04420 0000.7 0004.0 0000.8
04540 0000.8 0005.1 0000.9
04660 0000.6 9999.0 0000.9
04780 0000.1 9999.0 0001.1
04900 0000.7 0005.0 0001.2
05020 0001.3 0009.0 0001.2
05140 0001.3 0009.3 0001.2
05260 0001.4 0009.8 0001.5
05380 0001.2 0009.9 0001.5
05500 0001.4 0008.3 0001.4
05620 0000.6 9999.0 0001.2
05740 0000.6 0004.1 0000.9
05860 0000.8 0005.1 0000.7
05980 0000.7 0004.4 0000.7
06100 0000.6 9999.0 0000.7
NNNN
RAD THIRD
00100 0001.0 0007.9 0004.2
00220 0000.8 0008.6 0002.6
00340 0001.8 0020.3 0001.0
00460 0004.5 0012.9 -000.7
00580 0004.2 0022.0 -000.5
00700 0005.5 0027.0 -000.1
00820 0005.7 0029.1 -000.2
00940 0005.5 0032.5 -000.1
01060 0005.6 0031.0 0000.6
01180 0004.6 0030.3 0001.1
01300 0010.5 0032.0 0001.4
01420 0009.5 0033.5 0001.1
01540 0011.2 0031.9 0001.0
01660 0009.2 0032.7 0000.9
01780 0009.2 0033.9 0000.8
01900 0008.5 0031.2 0000.9
02020 0007.3 0028.8 0000.8
02140 0006.3 0026.6 0000.5
02260 0005.2 0027.3 0000.3
02380 0003.9 0027.5 -000.0
02500 0003.0 0026.3 -000.0
02620 0002.4 0023.0 -000.1
02740 0002.1 0018.7 -000.2
02860 0001.9 0016.7 -000.5
02980 0002.0 0015.0 -000.9
03100 0002.0 0013.4 -001.2
03220 0001.8 0010.5 -001.6
03340 0001.7 0010.1 -001.9
03460 0001.6 0010.5 -002.0
03580 0001.7 0008.7 -001.6
03700 0003.4 0012.6 -001.1
03820 0003.9 0021.7 -000.4
03940 0003.7 0021.1 -000.3
04060 0003.6 0014.3 -000.3
04180 0003.3 0010.2 -000.4
04300 0002.6 0010.1 -000.6
04420 0002.4 0009.6 -000.9
04540 0002.3 0011.8 -000.9
04660 0002.8 0012.4 -001.0
04780 0002.8 0012.1 -001.3
04900 0001.5 0008.2 -001.3
05020 0000.6 0004.3 -001.6
05140 ////// ////// -002.0
05260 ////// ////// -000.8
05380 ////// ////// -000.8
05500 ////// ////// -000.8
05620 ////// ////// -000.9
05740 ////// ////// -001.0
05860 ////// ////// -001.1
05980 ////// ////// -001.0
06100 ////// ////// -001.2
NNNN
RAD FOURTH
00100 0003.3 0014.2 0001.4
00220 0003.9 0019.6 0001.2
00340 0004.5 0020.9 0001.1
00460 0003.8 0020.0 0001.0
00580 0005.1 0013.6 0000.7
00700 0006.2 0034.1 -000.2
00820 0003.6 0015.3 -001.4
00940 0005.6 0030.0 -001.5
01060 0006.1 0032.6 -002.4
01180 0006.8 0034.5 -003.2
01300 0011.6 0035.1 -003.7
01420 0011.2 0036.1 -003.7
01540 0011.0 0035.1 -003.5
01660 0010.7 0033.7 -003.3
01780 0010.4 0034.9 -003.0
01900 0009.6 0034.0 -003.0
02020 0009.7 0033.0 -003.1
02140 0008.8 0031.7 -003.4
02260 0008.1 0027.9 -003.9
02380 0007.7 0023.1 -004.3
02500 0007.5 0021.3 -004.2
02620 0007.3 0018.7 -004.0
02740 0006.7 0017.9 -003.9
02860 0006.0 0017.4 -003.9
02980 0005.7 0015.1 -004.0
03100 0003.9 0011.8 -004.1
03220 0003.2 0010.5 -004.2
03340 0001.8 0009.2 -004.2
03460 0001.8 0007.5 -004.2
03580 0001.5 0006.8 -004.3
03700 0001.6 0007.8 -004.3
03820 0001.2 0005.5 -004.3
03940 0000.1 9999.0 -004.4
04060 ////// ////// -004.5
04180 0000.9 0005.0 -004.5
04300 0001.1 0007.8 -004.6
04420 0000.9 0006.5 -004.6
04540 0001.0 0005.7 -004.1
04660 0000.7 0005.0 -003.6
04780 0001.0 0007.9 -003.0
04900 0001.2 0006.7 -002.7
05020 0001.2 0007.9 -002.5
05140 0001.8 0009.1 -002.4
05260 0001.9 0010.6 -001.9
05380 0001.5 0011.2 -001.9
05500 0001.8 0009.7 -002.0
05620 0001.6 0011.7 -002.1
05740 0001.1 0010.5 -002.2
05860 0000.9 0006.7 -002.2
05980 0001.0 0006.5 -002.2
06100 0000.9 0007.4 -002.3
NNNN
RAD FIFTH
00100 0002.9 0009.4 -003.2
00220 0000.8 0006.5 -000.9
00340 0007.3 0025.5 0001.5
00460 0005.4 0018.4 0003.8
00580 0000.1 9999.0 0003.9
00700 0007.0 0027.5 0004.5
00820 0006.5 0027.2 0005.1
00940 0007.7 0028.2 0005.2
01060 0006.8 0031.9 0006.6
01180 0003.4 0022.9 0007.7
01300 0012.7 0032.7 0008.3
01420 0013.1 0033.1 0007.8
01540 0012.4 0034.0 0007.7
01660 0006.7 0033.1 0007.3
01780 0012.1 0033.3 0006.9
01900 0011.8 0032.9 0006.7
02020 0012.0 0031.0 0006.5
02140 0011.8 0029.8 0006.4
02260 0005.6 0026.1 0006.4
02380 0003.7 0024.0 0006.5
02500 0003.1 0022.5 0006.6
02620 0002.5 0021.6 0006.4
02740 0002.3 0021.1 0006.2
02860 0002.1 0018.6 0005.9
02980 0002.3 0019.7 0005.7
03100 0002.0 0017.7 0005.5
03220 0002.0 0015.1 0005.3
03340 0001.8 0015.3 0005.2
03460 0002.1 0013.9 0005.1
03580 0002.9 0012.4 0005.5
03700 0003.2 0012.7 0006.0
03820 0003.4 0021.0 0006.7
03940 0003.5 0025.7 0006.8
04060 0003.4 0026.5 0006.8
04180 0003.6 0026.7 0006.7
04300 0003.5 0026.3 0006.5
04420 0003.1 0025.6 0006.2
04540 0003.1 0023.1 0005.8
04660 0003.0 0021.4 0005.4
04780 0002.7 0019.1 0005.1
04900 0002.5 0017.7 0005.0
05020 0002.3 0016.1 0004.8
05140 0002.1 0012.6 0004.6
05260 0002.1 0009.9 0004.8
05380 0002.2 0008.4 0004.7
05500 0001.7 0006.6 0004.6
05620 0001.0 9999.0 0004.3
05740 ////// ////// 0003.9
05860 ////// ////// 0003.7
05980 ////// ////// 0003.6
06100 ////// ////// 0003.6
NNNN
32 03.0 15.0 15.0 15.0 15.0 00.0 00.0 5 060 0232 07812 12.8 04 04 02.0 00.2 00100 12100
0 20250731015400 20250731020000 3 010 020 0512 010 ELWSN/ 036.3 036.3 036.3 036.3
RAD FIRST
00100 0000.1 9999.0 -000.5
00340 0001.6 0006.6 0000.2
00580 0004.6 0021.6 0000.9
00820 0005.4 0024.3 0001.6
01060 0005.3 0026.7 0001.7
01300 0004.6 0029.8 0001.6
01540 0005.2 0033.7 0002.5
01780 0003.6 0020.1 0002.4
02020 0005.9 0032.3 0002.4
02260 0004.1 0030.8 0002.4
02500 0003.7 0030.9 0002.5
02740 0003.0 0026.0 0002.6
02980 0002.3 0021.6 0002.7
03220 0002.0 0018.6 0002.8
03460 0002.3 0018.7 0003.2
03700 0002.4 0018.3 0003.5
03940 0002.3 0016.6 0003.8
04180 0002.3 0013.8 0004.0
04420 0002.0 0014.4 0003.7
04660 0001.6 0011.7 0003.7
04900 0001.1 0007.5 0003.5
05140 0000.1 9999.0 0003.3
05380 0000.1 9999.0 0003.9
05620 0000.1 9999.0 0003.8
05860 0000.1 9999.0 0002.8
06100 0000.6 0006.4 0002.2
06340 0000.1 0005.9 0002.2
06580 0000.1 9999.0 0002.2
06820 ////// ////// //////
07060 ////// ////// //////
07300 ////// ////// //////
07540 ////// ////// //////
07780 ////// ////// //////
08020 ////// ////// //////
08260 ////// ////// //////
08500 ////// ////// //////
08740 ////// ////// //////
08980 ////// ////// //////
09220 ////// ////// //////
09460 ////// ////// //////
09700 ////// ////// //////
09940 ////// ////// //////
10180 ////// ////// //////
10420 0000.5 0010.3 0001.6
10660 0000.8 0015.0 0001.6
10900 0000.7 0014.6 0001.7
11140 0000.7 0010.6 0001.9
11380 0000.5 0008.7 0002.1
11620 0000.5 0008.4 0002.3
11860 0000.4 0004.9 0002.6
12100 ////// ////// //////
NNNN
RAD SECOND
00100 0000.1 9999.0 0003.2
00340 0001.5 0004.8 0002.7
00580 0004.7 0018.6 0002.2
00820 0001.5 0013.7 0001.7
01060 0005.6 0023.7 0001.9
01300 0004.6 0018.5 0002.0
01540 0006.4 0030.6 0003.0
01780 0003.8 0015.8 0003.0
02020 0006.2 0029.5 0002.8
02260 0004.2 0028.9 0002.6
02500 0003.2 0027.6 0002.3
02740 0002.7 0025.8 0002.1
02980 0002.4 0022.4 0002.0
03220 0002.4 0020.7 0001.9
03460 0002.3 0018.0 0001.9
03700 0002.3 0017.9 0001.9
03940 0002.7 0020.5 0001.8
04180 0002.7 0021.6 0001.9
04420 0002.7 0023.4 0001.8
04660 0002.7 0019.5 0001.6
04900 0002.1 0014.8 0001.5
05140 0001.7 0010.2 0001.3
05380 0000.1 9999.0 0001.4
05620 ////// ////// 0001.3
05860 ////// ////// 0000.7
06100 0000.3 0004.5 0000.9
06340 0000.1 0005.1 0000.8
06580 ////// ////// 0003.7
06820 ////// ////// //////
07060 ////// ////// //////
07300 ////// ////// //////
07540 ////// ////// //////
07780 ////// ////// //////
08020 ////// ////// //////
08260 ////// ////// //////
08500 ////// ////// //////
08740 ////// ////// //////
08980 ////// ////// //////
09220 ////// ////// //////
09460 ////// ////// //////
09700 ////// ////// //////
09940 ////// ////// //////
10180 ////// ////// //////
10420 0000.5 0007.7 0001.0
10660 0000.7 0011.5 0001.0
10900 0000.7 0013.5 0001.0
11140 0000.7 0010.6 0001.0
11380 0000.7 0011.8 0000.9
11620 0000.7 0010.7 0000.8
11860 0000.5 0008.9 0000.7
12100 ////// ////// //////
NNNN
RAD THIRD
00100 ////// ////// 0006.7
00340 0001.8 0007.0 0005.1
00580 0003.8 0020.8 0003.5
00820 0004.0 0025.4 0001.8
01060 0003.8 0025.6 0002.0
01300 0002.5 0012.0 0002.2
01540 0005.0 0034.9 0003.3
01780 0004.0 0026.6 0003.3
02020 0005.7 0034.4 0003.1
02260 0004.9 0034.3 0002.5
02500 0005.8 0032.8 0001.9
02740 0004.9 0027.3 0001.4
02980 0004.2 0028.9 0001.2
03220 0005.0 0032.7 0000.9
03460 0003.9 0032.1 0000.5
03700 0004.2 0030.0 0000.1
03940 0003.5 0028.1 -000.3
04180 0003.3 0025.2 -000.4
04420 0003.0 0023.1 -000.3
04660 0003.3 0023.8 -000.5
04900 0003.0 0025.8 -000.6
05140 0002.6 0020.7 -000.8
05380 0002.1 0012.4 -001.1
05620 0001.3 0007.2 -001.4
05860 0000.1 9999.0 -001.4
06100 0000.2 9999.0 -000.4
06340 ////// ////// -000.7
06580 ////// ////// 0004.9
06820 ////// ////// //////
07060 ////// ////// //////
07300 ////// ////// //////
07540 ////// ////// //////
07780 ////// ////// //////
08020 ////// ////// //////
08260 ////// ////// //////
08500 ////// ////// //////
08740 ////// ////// //////
08980 ////// ////// //////
09220 ////// ////// //////
09460 ////// ////// //////
09700 ////// ////// //////
09940 ////// ////// //////
10180 ////// ////// //////
10420 ////// ////// 0000.4
10660 0000.1 9999.0 0000.4
10900 0000.4 0007.7 0000.2
11140 0000.6 0006.3 -000.0
11380 0000.5 0007.4 -000.4
11620 0000.5 0007.6 -000.8
11860 0000.5 0007.9 -001.2
12100 ////// ////// //////
NNNN
RAD FOURTH
00100 ////// ////// -006.1
00340 0002.2 0007.7 -004.2
00580 0003.8 0016.3 -002.3
00820 0004.7 0023.9 -000.4
01060 0004.3 0019.9 -000.3
01300 0004.8 0017.0 -000.0
01540 0006.9 0025.8 -001.4
01780 0002.9 0014.0 -001.0
02020 0005.8 0025.6 -001.2
02260 0005.5 0029.2 -001.5
02500 0006.7 0029.0 -001.8
02740 0005.8 0025.7 -002.1
02980 0005.5 0022.5 -002.3
03220 0005.0 0018.4 -002.5
03460 0001.9 0013.7 -002.5
03700 0002.0 0013.3 -002.7
03940 0001.9 0012.3 -003.0
04180 0001.6 0014.6 -003.2
04420 0001.6 0015.2 -003.4
04660 0001.7 0014.1 -003.2
04900 0000.8 0007.3 -003.1
05140 0000.1 9999.0 -003.0
05380 0000.5 0005.6 -002.6
05620 0000.7 0006.0 -002.3
05860 0000.8 0006.8 -002.9
06100 0000.7 0007.6 -002.4
06340 0000.8 0007.4 -002.3
06580 0000.9 0008.2 -003.8
06820 ////// ////// //////
07060 ////// ////// //////
07300 ////// ////// //////
07540 ////// ////// //////
07780 ////// ////// //////
08020 ////// ////// //////
08260 ////// ////// //////
08500 ////// ////// //////
08740 ////// ////// //////
08980 ////// ////// //////
09220 ////// ////// //////
09460 ////// ////// //////
09700 ////// ////// //////
09940 ////// ////// //////
10180 ////// ////// //////
10420 ////// ////// -000.5
10660 0000.4 0006.6 -000.6
10900 0000.6 0008.1 -000.7
11140 0000.3 0005.3 -000.7
11380 0000.1 9999.0 -000.8
11620 0000.1 9999.0 -001.1
11860 ////// ////// -001.2
12100 ////// ////// //////
NNNN
RAD FIFTH
00100 0000.3 9999.0 0012.3
00340 0001.8 0004.1 0009.5
00580 0005.0 0019.8 0006.6
00820 0002.5 0009.5 0003.7
01060 0005.0 0022.2 0004.0
01300 0000.6 0004.1 0003.9
01540 0004.2 0029.5 0007.2
01780 0002.7 0014.7 0006.8
02020 0003.7 0025.0 0006.7
02260 0004.4 0031.2 0006.4
02500 0003.2 0031.4 0006.3
02740 0002.8 0029.1 0006.1
02980 0002.0 0022.0 0006.2
03220 0001.5 0015.3 0006.2
03460 0001.2 0010.5 0006.2
03700 0001.7 0007.4 0006.3
03940 0003.5 0021.6 0006.5
04180 0003.6 0026.9 0006.8
04420 0003.3 0025.7 0006.8
04660 0003.2 0021.1 0006.4
04900 0003.3 0018.5 0006.0
05140 0002.5 0018.2 0005.5
05380 0002.7 0019.2 0005.3
05620 0002.6 0018.4 0004.8
05860 0001.9 0015.2 0004.3
06100 0001.1 0008.5 0004.2
06340 ////// ////// 0003.9
06580 ////// ////// 0011.0
06820 ////// ////// //////
07060 ////// ////// //////
07300 ////// ////// //////
07540 ////// ////// //////
07780 ////// ////// //////
08020 ////// ////// //////
08260 ////// ////// //////
08500 ////// ////// //////
08740 ////// ////// //////
08980 ////// ////// //////
09220 ////// ////// //////
09460 ////// ////// //////
09700 ////// ////// //////
09940 ////// ////// //////
10180 ////// ////// //////
10420 ////// ////// 0002.5
10660 ////// ////// 0002.6
10900 0000.1 9999.0 0002.6
11140 0000.4 0007.9 0002.6
11380 0000.7 0007.8 0002.5
11620 0000.5 0005.3 0002.6
11860 0000.4 0005.7 0002.6
12100 ////// ////// //////
NNNN
