WNDRAD 01.20
58339 0118.9100 031.3300 00025.2 LC
32 03.0 15.0 15.0 15.0 15.0 00.0 00.0 5 060 0232 25000 00.4 04 04 02.0 00.0 00100 03100
0 20250731015400 20250731020000 3 016 064 0512 016 ELWSN/ -32.0 -32.0 -32.0 -32.0
RAD FIRST
00100 0003.7 0027.9 0000.1
00160 0003.4 0029.1 0000.6
00220 0001.2 0029.7 0001.2
00280 0002.3 0025.9 0001.8
00340 0002.3 0026.4 0002.0
00400 0002.3 0025.0 0002.1
00460 0002.3 0023.8 0002.1
00520 0002.2 0023.3 0002.1
00580 0002.3 0022.6 0002.0
00640 0002.2 0022.0 0002.0
00700 0002.1 0022.4 0002.0
00760 0002.1 0021.5 0002.1
00820 0002.1 0020.6 0002.1
00880 0002.1 0018.9 0002.1
00940 0002.0 0018.4 0002.1
01000 0001.8 0018.3 0002.0
01060 0001.9 0018.2 0002.0
01120 0001.9 0016.6 0002.0
01180 0001.9 0016.5 0001.9
01240 0001.7 0013.9 0001.9
01300 0001.6 0013.1 0002.0
01360 0001.3 0012.0 0002.0
01420 0001.3 0011.9 0002.0
01480 0001.2 0009.8 0002.1
01540 0001.0 0008.0 0002.1
01600 0001.1 0008.5 0002.0
01660 0000.9 0006.5 0002.0
01720 0000.9 0006.3 0001.9
01780 0000.6 0004.3 0001.7
01840 0000.6 0004.7 0001.6
01900 0000.6 0004.6 0001.5
01960 0000.4 9999.0 0001.5
02020 0000.5 0004.2 0001.5
02080 ////// ////// 0001.3
02140 ////// ////// //////
02200 ////// ////// //////
02260 ////// ////// //////
02320 ////// ////// //////
02380 ////// ////// //////
02440 ////// ////// //////
02500 ////// ////// //////
02560 ////// ////// //////
02620 ////// ////// //////
02680 ////// ////// //////
02740 ////// ////// //////
02800 ////// ////// //////
02860 ////// ////// //////
02920 ////// ////// //////
02980 ////// ////// //////
03040 ////// ////// //////
03100 ////// ////// //////
NNNN
RAD SECOND
00100 0003.2 0028.4 0001.6
00160 0004.3 0027.9 0001.6
00220 0002.7 0027.2 0001.6
00280 0002.5 0025.5 0001.6
00340 0002.4 0025.2 0001.6
00400 0002.2 0024.3 0001.7
00460 0002.1 0023.1 0001.7
00520 0002.2 0022.6 0001.7
00580 0001.9 0022.0 0001.8
00640 0001.9 0021.2 0001.8
00700 0001.6 0021.3 0001.8
00760 0001.9 0021.5 0001.9
00820 0001.9 0021.6 0001.9
00880 0001.7 0021.1 0001.9
00940 0001.9 0019.8 0001.9
01000 0001.9 0019.0 0001.9
01060 0001.9 0018.5 0001.8
01120 0002.0 0017.8 0001.8
01180 0002.0 0017.0 0001.7
01240 0001.8 0015.5 0001.6
01300 0001.5 0014.5 0001.5
01360 0001.5 0012.8 0001.4
01420 0001.4 0011.9 0001.4
01480 0001.3 0009.6 0001.3
01540 0001.0 0008.6 0001.2
01600 0001.0 0008.3 0001.1
01660 0000.9 0006.8 0001.1
01720 0000.8 0007.1 0001.0
01780 0000.7 0005.8 0001.0
01840 0000.5 0004.5 0000.9
01900 0000.5 0004.2 0000.9
01960 0000.4 9999.0 0000.9
02020 0000.1 9999.0 0000.9
02080 ////// ////// 0001.3
02140 ////// ////// //////
02200 ////// ////// //////
02260 ////// ////// //////
02320 ////// ////// //////
02380 ////// ////// //////
02440 ////// ////// //////
02500 ////// ////// //////
02560 ////// ////// //////
02620 ////// ////// //////
02680 ////// ////// //////
02740 ////// ////// //////
02800 ////// ////// //////
02860 ////// ////// //////
02920 ////// ////// //////
02980 ////// ////// //////
03040 ////// ////// //////
03100 ////// ////// //////
NNNN
RAD THIRD
00100 0003.7 0029.3 0003.0
00160 0003.8 0030.0 0002.5
00220 0003.1 0027.2 0001.9
00280 0002.6 0025.0 0001.4
00340 0002.3 0025.7 0001.1
00400 0002.3 0024.1 0001.1
00460 0002.0 0023.0 0001.1
00520 0002.0 0023.0 0001.3
00580 0001.9 0024.2 0001.4
00640 0001.9 0022.8 0001.5
00700 0001.8 0023.1 0001.5
00760 0001.7 0022.4 0001.5
00820 0002.0 0021.9 0001.5
00880 0001.8 0022.0 0001.6
00940 0001.7 0020.9 0001.6
01000 0001.7 0021.1 0001.6
01060 0001.7 0021.1 0001.6
01120 0001.8 0020.1 0001.5
01180 0001.6 0020.0 0001.3
01240 0001.7 0017.3 0001.1
01300 0001.7 0015.3 0000.9
01360 0001.7 0014.7 0000.8
01420 0001.5 0013.6 0000.6
01480 0001.5 0013.5 0000.4
01540 0001.2 0011.9 0000.3
01600 0001.1 0010.1 0000.2
01660 0000.9 0008.8 0000.1
01720 0000.9 0007.4 0000.1
01780 0000.9 0007.3 0000.1
01840 0000.9 0006.2 0000.2
01900 0000.7 0006.0 0000.3
01960 0000.6 0005.5 0000.3
02020 0000.4 9999.0 0000.2
02080 ////// ////// 0001.1
02140 ////// ////// //////
02200 ////// ////// //////
02260 ////// ////// //////
02320 ////// ////// //////
02380 ////// ////// //////
02440 ////// ////// //////
02500 ////// ////// //////
02560 ////// ////// //////
02620 ////// ////// //////
02680 ////// ////// //////
02740 ////// ////// //////
02800 ////// ////// //////
02860 ////// ////// //////
02920 ////// ////// //////
02980 ////// ////// //////
03040 ////// ////// //////
03100 ////// ////// //////
NNNN
RAD FOURTH
00100 0003.9 0028.1 -000.5
00160 0003.0 0028.3 -000.7
00220 0002.2 0025.0 -000.8
00280 0002.5 0029.0 -000.9
00340 0002.5 0027.7 -000.9
00400 0001.9 0025.9 -000.8
00460 0002.1 0027.2 -000.7
00520 0002.3 0037.1 -000.6
00580 0002.0 0035.0 -000.6
00640 0001.4 0024.2 -000.5
00700 0002.3 0022.5 -000.5
00760 0002.5 0024.7 -000.5
00820 0001.5 0025.6 -000.5
00880 0001.5 0028.5 -000.4
00940 0002.1 0022.3 -000.5
01000 0001.9 0021.0 -000.5
01060 0002.0 0019.7 -000.5
01120 0002.0 0019.0 -000.6
01180 0002.0 0018.7 -000.8
01240 0001.9 0015.4 -000.9
01300 0001.6 0014.4 -000.9
01360 0001.5 0013.9 -000.9
01420 0001.5 0011.5 -001.0
01480 0001.5 0010.7 -001.0
01540 0001.3 0009.0 -001.1
01600 0001.5 0007.9 -001.2
01660 0000.9 0006.9 -001.3
01720 0001.0 0006.1 -001.3
01780 0000.9 0006.2 -001.4
01840 0001.3 0005.3 -001.4
01900 0000.6 0005.3 -001.4
01960 0000.6 0005.3 -001.3
02020 0000.5 0004.4 -001.2
02080 0000.4 9999.0 -000.7
02140 ////// ////// //////
02200 ////// ////// //////
02260 ////// ////// //////
02320 ////// ////// //////
02380 ////// ////// //////
02440 ////// ////// //////
02500 ////// ////// //////
02560 ////// ////// //////
02620 ////// ////// //////
02680 ////// ////// //////
02740 ////// ////// //////
02800 ////// ////// //////
02860 ////// ////// //////
02920 ////// ////// //////
02980 ////// ////// //////
03040 ////// ////// //////
03100 ////// ////// //////
NNNN
RAD FIFTH
00100 0004.1 0028.8 0003.6
00160 0004.7 0030.8 0003.8
00220 0004.0 0031.5 0003.9
00280 0003.1 0030.5 0004.0
00340 0004.0 0030.1 0004.0
00400 0003.8 0030.3 0004.0
00460 0002.6 0028.5 0003.9
00520 0002.5 0028.0 0003.9
00580 0002.3 0027.3 0004.0
00640 0002.2 0027.0 0004.0
00700 0002.1 0026.6 0004.0
00760 0002.0 0025.8 0004.1
00820 0001.9 0025.0 0004.1
00880 0001.8 0024.8 0004.1
00940 0001.8 0023.5 0004.1
01000 0001.9 0022.9 0004.1
01060 0001.9 0021.4 0004.1
01120 0001.8 0022.2 0004.1
01180 0001.7 0019.6 0004.0
01240 0001.9 0019.2 0003.9
01300 0001.8 0018.5 0003.8
01360 0001.9 0017.5 0003.7
01420 0001.8 0015.7 0003.6
01480 0001.7 0015.2 0003.5
01540 0001.7 0014.0 0003.5
01600 0001.6 0013.3 0003.4
01660 0001.5 0011.6 0003.4
01720 0001.3 0011.0 0003.3
01780 0001.2 0009.0 0003.2
01840 0001.1 0008.3 0003.1
01900 0000.9 0007.1 0003.1
01960 0000.8 0006.5 0003.0
02020 0000.9 0006.3 0003.0
02080 0000.7 0005.6 0003.1
02140 ////// ////// //////
02200 ////// ////// //////
02260 ////// ////// //////
02320 ////// ////// //////
02380 ////// ////// //////
02440 ////// ////// //////
02500 ////// ////// //////
02560 ////// ////// //////
02620 ////// ////// //////
02680 ////// ////// //////
02740 ////// ////// //////
02800 ////// ////// //////
02860 ////// ////// //////
02920 ////// ////// //////
02980 ////// ////// //////
03040 ////// ////// //////
03100 ////// ////// //////
NNNN
32 03.0 15.0 15.0 15.0 15.0 00.0 00.0 5 060 0232 15625 06.4 04 04 02.0 00.2 00100 06100
0 20250731015400 20250731020000 3 012 040 0512 012 ELWSN/ -32.0 -32.0 -32.0 -32.0
RAD FIRST
00100 0001.9 0007.0 0002.1
00220 0001.2 0005.8 0002.2
00340 0002.5 0012.9 0002.3
00460 0003.2 0025.1 0002.3
00580 0002.5 0019.5 0002.4
00700 0002.8 0028.2 0002.4
00820 0002.3 0018.7 0002.3
00940 0002.9 0029.5 0002.3
01060 0002.1 0026.0 0002.4
01180 0002.6 0028.3 0002.4
01300 0003.4 0028.5 0002.6
01420 0002.8 0025.8 0002.5
01540 0002.7 0022.6 0002.5
01660 0002.6 0021.0 0002.2
01780 0002.3 0019.9 0001.8
01900 0001.9 0017.7 0001.7
02020 0001.5 0015.5 0001.6
02140 0001.5 0012.8 0001.6
02260 0001.3 0012.5 0001.6
02380 0001.2 0012.3 0001.7
02500 0001.2 0012.3 0001.7
02620 0001.2 0012.1 0001.6
02740 0001.2 0011.0 0001.4
02860 0001.2 0010.8 0001.3
02980 0001.2 0013.4 0001.1
03100 0001.1 0012.2 0001.0
03220 0001.1 0010.4 0001.1
03340 0000.8 0006.8 0001.2
03460 ////// ////// 0001.4
03580 ////// ////// 0004.4
03700 ////// ////// //////
03820 ////// ////// 0002.7
03940 0000.6 0005.6 0002.7
04060 0001.2 0018.0 0002.7
04180 0000.8 0010.8 0002.7
04300 ////// ////// 0002.7
04420 ////// ////// //////
04540 ////// ////// //////
04660 ////// ////// //////
04780 ////// ////// //////
04900 ////// ////// //////
05020 ////// ////// //////
05140 ////// ////// //////
05260 ////// ////// //////
05380 ////// ////// //////
05500 ////// ////// //////
05620 ////// ////// //////
05740 ////// ////// //////
05860 ////// ////// //////
05980 ////// ////// //////
06100 ////// ////// //////
NNNN
RAD SECOND
00100 ////// ////// 0001.7
00220 0002.5 0019.2 0001.7
00340 0000.8 0005.3 0001.7
00460 0001.0 0008.4 0001.8
00580 0002.2 0019.6 0001.8
00700 0002.5 0027.8 0001.9
00820 0001.7 0017.9 0001.9
00940 0002.3 0026.3 0001.9
01060 0003.4 0031.6 0002.0
01180 0003.0 0030.2 0001.9
01300 0003.4 0030.2 0001.8
01420 0003.0 0030.4 0001.6
01540 0003.0 0028.1 0001.4
01660 0003.0 0023.7 0001.2
01780 0002.9 0020.4 0001.0
01900 0001.9 0017.5 0000.9
02020 0001.5 0015.4 0000.8
02140 0001.2 0012.4 0000.8
02260 0001.1 0009.4 0000.8
02380 0001.1 0009.5 0000.8
02500 0001.2 0009.3 0000.8
02620 0001.2 0007.9 0000.8
02740 0001.2 0007.5 0000.7
02860 0001.3 0008.5 0000.7
02980 0001.2 0010.5 0000.6
03100 0001.0 0009.3 0000.5
03220 0000.8 0006.6 0000.5
03340 0000.5 9999.0 0000.6
03460 ////// ////// 0000.7
03580 ////// ////// 0002.0
03700 ////// ////// //////
03820 0000.8 0008.6 0000.7
03940 0000.7 0006.0 0000.9
04060 0001.2 0011.3 0000.9
04180 ////// ////// 0000.9
04300 ////// ////// 0001.1
04420 ////// ////// //////
04540 ////// ////// //////
04660 ////// ////// //////
04780 ////// ////// //////
04900 ////// ////// //////
05020 ////// ////// //////
05140 ////// ////// //////
05260 ////// ////// //////
05380 ////// ////// //////
05500 ////// ////// //////
05620 ////// ////// //////
05740 ////// ////// //////
05860 ////// ////// //////
05980 ////// ////// //////
06100 ////// ////// //////
NNNN
RAD THIRD
00100 0000.4 9999.0 0001.1
00220 0001.5 0006.7 0001.1
00340 0001.7 0010.7 0001.1
00460 0002.2 0016.3 0001.1
00580 0002.9 0020.5 0001.2
00700 0002.9 0029.7 0001.2
00820 0001.6 0018.1 0001.3
00940 0002.9 0028.3 0001.4
01060 0003.1 0029.4 0001.4
01180 0003.0 0029.1 0001.3
01300 0003.6 0028.0 0000.9
01420 0003.5 0025.6 0000.5
01540 0003.5 0022.5 0000.2
01660 0003.3 0019.7 0000.1
01780 0001.7 0018.4 0000.0
01900 0001.6 0016.5 0000.0
02020 0001.3 0015.6 -000.1
02140 0001.2 0011.4 -000.1
02260 0001.0 0007.6 -000.1
02380 0001.4 0006.3 -000.2
02500 0001.6 0004.9 -000.2
02620 0001.2 0005.3 -000.1
02740 0001.5 0006.2 -000.0
02860 0001.5 0006.4 -000.0
02980 0001.6 0009.1 -000.0
03100 0001.6 0011.8 -000.1
03220 0001.0 0010.8 -000.2
03340 0000.9 0008.7 -000.1
03460 0000.6 0005.3 -000.0
03580 ////// ////// -000.5
03700 ////// ////// //////
03820 ////// ////// -001.4
03940 0000.4 9999.0 -000.9
04060 0000.6 0004.8 -001.0
04180 0000.1 9999.0 -001.1
04300 ////// ////// -000.5
04420 ////// ////// //////
04540 ////// ////// //////
04660 ////// ////// //////
04780 ////// ////// //////
04900 ////// ////// //////
05020 ////// ////// //////
05140 ////// ////// //////
05260 ////// ////// //////
05380 ////// ////// //////
05500 ////// ////// //////
05620 ////// ////// //////
05740 ////// ////// //////
05860 ////// ////// //////
05980 ////// ////// //////
06100 ////// ////// //////
NNNN
RAD FOURTH
00100 ////// ////// 0000.5
00220 0001.1 0006.8 0000.2
00340 0000.9 0006.4 -000.1
00460 0000.9 0007.2 -000.4
00580 0002.3 0017.0 -000.5
00700 0002.1 0027.8 -000.6
00820 0001.8 0018.1 -000.5
00940 0005.1 0024.6 -000.3
01060 0003.8 0030.3 -000.2
01180 0004.6 0026.8 -000.2
01300 0005.2 0029.9 -000.3
01420 0005.0 0027.4 -000.6
01540 0004.9 0025.2 -000.8
01660 0005.0 0023.6 -001.1
01780 0003.0 0020.6 -001.3
01900 0002.3 0019.0 -001.3
02020 0001.8 0016.3 -001.4
02140 0001.5 0013.1 -001.4
02260 0001.6 0010.6 -001.4
02380 0001.7 0009.2 -001.4
02500 0001.7 0010.2 -001.5
02620 0001.6 0010.3 -001.5
02740 0001.3 0008.5 -001.6
02860 0001.3 0008.8 -001.7
02980 0001.3 0010.1 -001.9
03100 0001.1 0010.2 -002.0
03220 0000.9 0009.4 -002.1
03340 0000.7 0006.9 -001.8
03460 0000.7 0007.9 -001.6
03580 ////// ////// -000.0
03700 ////// ////// //////
03820 0000.1 9999.0 -002.3
03940 0000.7 0006.3 -002.0
04060 0000.7 0005.5 -002.0
04180 ////// ////// -001.9
04300 0000.1 9999.0 -001.5
04420 ////// ////// //////
04540 ////// ////// //////
04660 ////// ////// //////
04780 ////// ////// //////
04900 ////// ////// //////
05020 ////// ////// //////
05140 ////// ////// //////
05260 ////// ////// //////
05380 ////// ////// //////
05500 ////// ////// //////
05620 ////// ////// //////
05740 ////// ////// //////
05860 ////// ////// //////
05980 ////// ////// //////
06100 ////// ////// //////
NNNN
RAD FIFTH
00100 0001.9 0011.7 0002.7
00220 0002.3 0017.1 0003.1
00340 0002.8 0021.5 0003.4
00460 0002.9 0021.0 0003.8
00580 0003.8 0025.4 0004.1
00700 0005.0 0035.2 0004.2
00820 0002.7 0024.7 0004.1
00940 0005.2 0034.1 0004.1
01060 0004.6 0035.5 0004.0
01180 0004.9 0035.7 0003.9
01300 0005.2 0034.9 0003.8
01420 0004.3 0034.3 0003.6
01540 0004.3 0032.7 0003.5
01660 0003.4 0031.0 0003.4
01780 0003.0 0028.6 0003.1
01900 0002.2 0025.5 0003.0
02020 0002.0 0021.2 0002.9
02140 0001.7 0017.7 0002.9
02260 0001.5 0015.6 0002.9
02380 0001.5 0015.2 0002.9
02500 0001.8 0015.7 0003.0
02620 0001.6 0015.2 0003.0
02740 0001.5 0014.3 0003.0
02860 0001.4 0014.8 0003.0
02980 0001.3 0016.4 0003.0
03100 0001.4 0016.8 0003.0
03220 0001.3 0014.9 0003.0
03340 0001.8 0011.2 0002.9
03460 0001.8 0008.7 0003.0
03580 0001.4 0012.7 0004.0
03700 ////// ////// //////
03820 0001.5 0015.0 0003.6
03940 0002.1 0013.1 0003.8
04060 0002.0 0012.7 0003.7
04180 0001.8 0012.1 0003.5
04300 0001.5 0012.2 0003.7
04420 ////// ////// //////
04540 ////// ////// //////
04660 ////// ////// //////
04780 ////// ////// //////
04900 ////// ////// //////
05020 ////// ////// //////
05140 ////// ////// //////
05260 ////// ////// //////
05380 ////// ////// //////
05500 ////// ////// //////
05620 ////// ////// //////
05740 ////// ////// //////
05860 ////// ////// //////
05980 ////// ////// //////
06100 ////// ////// //////
NNNN
32 03.0 15.0 15.0 15.0 15.0 00.0 00.0 5 060 0232 07812 12.8 04 04 02.0 00.2 00100 12100
0 20250731015400 20250731020000 3 010 020 0512 010 ELWSN/ -32.0 -32.0 -32.0 -32.0
RAD FIRST
00100 ////// ////// 0002.9
00340 0001.5 0007.9 0002.9
00580 0002.0 0013.3 0002.9
00820 0001.1 0007.6 0002.9
01060 0003.0 0023.4 0002.9
01300 0001.7 0012.7 0002.7
01540 0002.5 0025.9 0002.4
01780 0001.3 0007.5 0002.1
02020 0002.2 0023.3 0002.0
02260 0001.9 0023.3 0001.9
02500 0001.4 0022.3 0001.8
02740 0001.3 0022.3 0001.5
02980 0001.4 0021.9 0001.3
03220 0001.5 0017.8 0001.1
03460 0000.9 0012.3 0000.9
03700 0000.1 9999.0 0001.1
03940 0000.1 9999.0 0001.1
04180 0000.3 0005.1 0001.0
04420 0000.1 9999.0 0000.7
04660 0000.5 0006.8 0000.4
04900 0000.4 0005.1 -000.1
05140 ////// ////// 0000.0
05380 0000.2 0004.1 0000.3
05620 ////// ////// 0000.3
05860 ////// ////// 0001.4
06100 ////// ////// 0001.1
06340 ////// ////// //////
06580 ////// ////// //////
06820 ////// ////// //////
07060 ////// ////// //////
07300 ////// ////// //////
07540 ////// ////// //////
07780 ////// ////// //////
08020 ////// ////// //////
08260 ////// ////// //////
08500 ////// ////// //////
08740 0000.1 9999.0 -000.0
08980 0000.4 0011.5 -000.0
09220 0000.3 0008.2 0000.0
09460 0000.1 0004.1 0000.1
09700 0000.1 9999.0 -000.0
09940 ////// ////// //////
10180 ////// ////// //////
10420 ////// ////// //////
10660 ////// ////// 0001.4
10900 ////// ////// //////
11140 ////// ////// //////
11380 ////// ////// //////
11620 ////// ////// //////
11860 ////// ////// //////
12100 ////// ////// //////
NNNN
RAD SECOND
00100 0001.0 0017.7 0002.6
00340 0001.3 0009.7 0002.5
00580 0002.5 0018.8 0002.5
00820 0001.2 0007.1 0002.4
01060 0001.8 0014.4 0002.3
01300 0001.8 0014.7 0002.1
01540 0002.8 0032.1 0001.8
01780 0001.4 0006.1 0001.4
02020 0001.8 0016.6 0001.1
02260 0001.3 0016.8 0001.0
02500 0001.2 0016.3 0000.9
02740 0001.4 0015.6 0001.0
02980 0001.2 0016.7 0000.9
03220 0001.1 0014.0 0000.9
03460 0000.4 0005.4 0001.0
03700 0000.1 0004.1 0001.1
03940 0000.4 9999.0 0001.1
04180 ////// ////// 0001.1
04420 0000.2 0004.0 0001.2
04660 ////// ////// 0001.1
04900 ////// ////// 0000.8
05140 0000.2 0005.1 0000.8
05380 ////// ////// 0001.0
05620 ////// ////// 0000.8
05860 0000.1 9999.0 0001.0
06100 0000.1 9999.0 0000.8
06340 ////// ////// //////
06580 ////// ////// //////
06820 ////// ////// //////
07060 ////// ////// //////
07300 ////// ////// //////
07540 ////// ////// //////
07780 ////// ////// //////
08020 ////// ////// //////
08260 ////// ////// //////
08500 ////// ////// //////
08740 ////// ////// -000.0
08980 0000.4 0009.8 -000.0
09220 0000.4 0008.8 0000.0
09460 0000.2 0004.9 0000.1
09700 ////// ////// 0000.4
09940 ////// ////// //////
10180 ////// ////// //////
10420 ////// ////// //////
10660 ////// ////// 0000.6
10900 ////// ////// //////
11140 ////// ////// //////
11380 ////// ////// //////
11620 ////// ////// //////
11860 ////// ////// //////
12100 ////// ////// //////
NNNN
RAD THIRD
00100 ////// ////// 0002.1
00340 0002.2 0011.0 0002.0
00580 0002.3 0014.3 0001.8
00820 0001.2 0007.0 0001.7
01060 0002.7 0022.8 0001.6
01300 0001.5 0012.8 0001.3
01540 0002.7 0026.9 0001.0
01780 0001.1 0004.2 0000.6
02020 0001.3 0014.4 0000.2
02260 0000.9 0009.4 0000.0
02500 0000.8 0011.7 -000.0
02740 0002.2 0011.5 0000.4
02980 0002.2 0014.8 0000.5
03220 0002.0 0016.0 0000.7
03460 0001.9 0013.1 0000.9
03700 0001.1 0010.5 0000.9
03940 0000.9 0009.8 0001.0
04180 0001.1 0014.2 0001.2
04420 0001.1 0015.6 0001.5
04660 0001.1 0014.0 0001.7
04900 0001.0 0013.0 0001.6
05140 0000.9 0010.4 0001.6
05380 0001.4 0008.4 0001.6
05620 0000.7 0006.3 0001.3
05860 0000.4 0004.8 0000.6
06100 0000.3 0005.0 0000.5
06340 ////// ////// //////
06580 ////// ////// //////
06820 ////// ////// //////
07060 ////// ////// //////
07300 ////// ////// //////
07540 ////// ////// //////
07780 ////// ////// //////
08020 ////// ////// //////
08260 ////// ////// //////
08500 ////// ////// //////
08740 ////// ////// -000.0
08980 0000.3 0007.7 -000.0
09220 0000.4 0009.3 0000.0
09460 ////// ////// 0000.1
09700 ////// ////// 0000.7
09940 ////// ////// //////
10180 ////// ////// //////
10420 ////// ////// //////
10660 ////// ////// -000.3
10900 ////// ////// //////
11140 ////// ////// //////
11380 ////// ////// //////
11620 ////// ////// //////
11860 ////// ////// //////
12100 ////// ////// //////
NNNN
RAD FOURTH
00100 ////// ////// 0000.2
00340 0001.3 0010.7 0000.2
00580 0001.5 0019.5 0000.1
00820 0000.8 0006.7 0000.1
01060 0001.1 0014.3 0000.1
01300 0000.9 0010.0 -000.2
01540 0002.0 0025.9 -000.6
01780 0001.2 0006.5 -001.1
02020 0001.9 0017.8 -001.3
02260 0001.4 0017.5 -001.4
02500 0001.9 0017.7 -001.4
02740 0001.8 0015.8 -001.3
02980 0001.9 0014.8 -001.5
03220 0001.6 0015.2 -001.5
03460 0000.9 0011.1 -001.6
03700 0000.2 9999.0 -001.8
03940 0000.4 0008.6 -001.9
04180 0000.6 0010.3 -001.9
04420 0000.1 9999.0 -001.9
04660 0000.2 0004.0 -002.0
04900 0000.1 9999.0 -002.2
05140 ////// ////// -002.0
05380 0000.5 0009.6 -001.6
05620 0000.4 0007.8 -001.6
05860 0000.4 0005.7 -001.2
06100 0000.2 9999.0 -001.2
06340 ////// ////// //////
06580 ////// ////// //////
06820 ////// ////// //////
07060 ////// ////// //////
07300 ////// ////// //////
07540 ////// ////// //////
07780 ////// ////// //////
08020 ////// ////// //////
08260 ////// ////// //////
08500 ////// ////// //////
08740 0000.7 0020.9 -000.0
08980 0001.6 0029.4 -000.0
09220 0001.3 0027.4 0000.0
09460 0000.4 0011.9 -000.1
09700 0000.1 9999.0 -000.1
09940 ////// ////// //////
10180 ////// ////// //////
10420 ////// ////// //////
10660 0000.1 9999.0 -000.0
10900 ////// ////// //////
11140 ////// ////// //////
11380 ////// ////// //////
11620 ////// ////// //////
11860 ////// ////// //////
12100 ////// ////// //////
NNNN
RAD FIFTH
00100 ////// ////// 0004.7
00340 0002.4 0012.9 0004.7
00580 0002.6 0016.8 0004.6
00820 0001.9 0012.1 0004.5
01060 0003.1 0024.2 0004.4
01300 0002.4 0015.2 0004.2
01540 0004.1 0030.1 0004.0
01780 0001.6 0010.8 0003.8
02020 0002.9 0025.8 0003.5
02260 0002.4 0024.1 0003.3
02500 0001.7 0024.6 0003.2
02740 0001.6 0023.3 0003.2
02980 0001.4 0022.3 0003.2
03220 0001.2 0021.9 0003.3
03460 0001.5 0015.9 0003.5
03700 0000.9 0006.0 0003.8
03940 0001.2 0011.6 0004.0
04180 0001.4 0011.5 0004.1
04420 0001.4 0011.2 0004.2
04660 0001.5 0010.8 0004.1
04900 0001.8 0015.4 0003.7
05140 0002.2 0017.7 0003.6
05380 0002.4 0017.4 0003.6
05620 0002.1 0016.8 0003.2
05860 0001.9 0018.4 0003.3
06100 0001.2 0016.5 0002.8
06340 ////// ////// //////
06580 ////// ////// //////
06820 ////// ////// //////
07060 ////// ////// //////
07300 ////// ////// //////
07540 ////// ////// //////
07780 ////// ////// //////
08020 ////// ////// //////
08260 ////// ////// //////
08500 ////// ////// //////
08740 0000.4 0012.7 -000.0
08980 0000.8 0021.9 -000.0
09220 0000.7 0020.2 0000.0
09460 0000.2 0005.1 0000.3
09700 0000.6 0006.5 0000.7
09940 ////// ////// //////
10180 ////// ////// //////
10420 ////// ////// //////
10660 ////// ////// 0001.2
10900 ////// ////// //////
11140 ////// ////// //////
11380 ////// ////// //////
11620 ////// ////// //////
11860 ////// ////// //////
12100 ////// ////// //////
NNNN
