WNDROBS 01.20
58339 0118.9100 031.3300 00025.2 LC 20250731020000
ROBS
00100 294.0 008.6 0002.6 100 100 4.2E-015
00160 303.6 008.2 0002.7 100 100 8.3E-015
00220 319.3 008.4 0002.9 100 100 8.7E-015
00280 330.6 009.6 0003.0 100 100 8.2E-015
00340 332.4 009.4 0003.0 100 100 1.1E-014
00400 334.8 009.1 0003.0 100 100 1.1E-014
00460 337.5 007.9 0002.9 100 100 1.0E-014
00520 343.1 008.1 0002.9 100 100 1.4E-014
00580 349.1 008.5 0003.0 100 100 1.3E-014
00640 353.7 008.7 0003.0 100 100 1.2E-014
00700 352.7 009.1 0003.1 100 100 1.2E-014
00760 356.0 008.7 0003.0 100 100 6.1E-015
00820 359.4 008.8 0002.9 100 100 1.1E-014
00940 352.1 008.5 0002.4 100 100 1.5E-015
01060 350.3 008.0 0002.5 100 100 2.0E-015
01180 348.7 008.5 0002.5 100 100 2.1E-015
01300 354.9 008.4 0002.4 100 100 3.6E-015
01420 359.0 008.9 0002.6 100 100 3.4E-015
01540 358.1 009.4 0002.5 100 100 2.7E-015
01660 356.1 009.9 0002.3 100 100 2.0E-015
01780 352.0 010.6 0002.0 100 100 1.6E-015
01900 349.4 011.0 0001.6 100 100 9.6E-016
02020 350.2 009.9 0001.5 100 100 5.0E-016
02260 349.9 010.2 0001.4 100 100 6.8E-016
02500 350.0 010.3 0001.4 100 100 1.3E-015
02740 349.2 010.0 0001.4 100 100 1.2E-015
02980 348.2 010.3 0001.4 100 100 1.1E-015
03220 346.4 010.3 0001.6 100 100 4.2E-016
03460 345.2 009.9 0001.8 100 100 6.0E-016
03700 345.5 010.0 0001.8 100 100 8.7E-016
03940 346.1 009.7 0001.7 100 100 8.3E-016
04180 345.3 008.7 0001.6 100 100 1.0E-015
04420 343.1 007.7 0001.6 100 100 1.2E-015
04660 343.6 007.4 0001.4 100 100 8.1E-016
04900 344.2 006.9 0001.1 100 100 5.1E-016
05140 347.1 006.5 0001.0 100 100 6.1E-016
05380 349.9 006.0 0000.9 100 100 2.0E-016
05620 347.1 005.8 0000.8 100 100 1.2E-016
05860 346.6 005.9 0000.7 100 100 6.6E-017
06100 345.9 005.9 0000.7 100 100 5.4E-017
06340 ///// ///// ////// /// /// ////////
06580 ///// ///// ////// /// /// ////////
06820 ///// ///// ////// /// /// ////////
07060 ///// ///// ////// /// /// ////////
07300 ///// ///// ////// /// /// ////////
07540 ///// ///// ////// /// /// ////////
07780 ///// ///// ////// /// /// ////////
08020 ///// ///// ////// /// /// ////////
08260 ///// ///// ////// /// /// ////////
08500 ///// ///// ////// /// /// ////////
08740 046.9 000.0 -000.0 100 100 4.0E-016
08980 042.4 000.0 -000.0 100 100 7.2E-016
09220 030.6 000.2 0000.0 100 100 5.8E-016
09460 349.0 000.9 0000.1 100 100 8.4E-017
09700 346.2 001.8 0000.3 100 100 6.3E-017
09940 324.8 002.1 0000.5 100 100 6.1E-017
10180 344.7 002.7 0000.7 100 100 1.0E-016
10420 ///// ///// ////// /// /// ////////
10660 ///// ///// ////// /// /// ////////
10900 ///// ///// ////// /// /// ////////
11140 ///// ///// ////// /// /// ////////
11380 ///// ///// ////// /// /// ////////
NNNN
