WNDROBS 01.20
58238 0118.8994 031.9317 00040.6 LC 20250731020000
ROBS
00100 010.2 007.3 0004.6 100 100 2.6E-013
00160 018.2 008.1 0004.6 100 100 3.5E-013
00220 023.3 008.8 0004.6 100 100 3.6E-013
00280 027.9 009.4 0004.7 100 100 4.1E-013
00340 028.7 010.0 0004.6 100 100 4.2E-013
00400 028.9 010.5 0004.8 100 100 2.9E-013
00460 029.5 011.0 0004.8 100 100 2.8E-013
00520 030.9 011.2 0004.9 100 100 2.5E-013
00580 034.0 011.4 0004.8 100 100 2.4E-013
00640 037.5 011.5 0004.8 100 100 2.1E-013
00700 040.5 011.6 0004.9 100 100 2.7E-013
00760 040.8 011.9 0004.9 100 100 1.7E-013
00820 042.8 012.2 0005.0 100 100 2.2E-013
00940 044.9 012.6 0004.8 100 100 2.2E-014
01060 046.3 012.3 0004.8 100 100 2.4E-014
01180 048.4 012.3 0004.7 100 100 2.3E-014
01300 050.0 012.4 0004.6 100 100 2.4E-014
01420 050.7 012.6 0004.6 100 100 2.6E-014
01540 051.0 012.9 0004.7 100 100 3.0E-014
01660 050.5 012.9 0005.0 100 100 3.0E-014
01780 050.6 013.1 0004.8 100 100 2.8E-014
01900 049.6 013.4 0004.8 100 100 2.8E-014
02020 049.6 013.4 0004.9 100 100 2.7E-014
02260 046.3 014.2 0004.9 100 100 2.9E-014
02500 044.4 014.9 0004.8 100 100 2.7E-014
02740 043.6 015.2 0004.7 100 100 2.1E-014
02980 044.9 015.0 0004.7 100 100 1.8E-014
03220 048.7 014.7 0004.6 100 100 1.7E-014
03460 053.3 014.2 0004.6 100 100 1.4E-014
03700 055.3 013.9 0004.6 100 100 1.3E-014
03940 055.6 013.6 0004.6 100 100 1.1E-014
04180 053.9 013.2 0004.7 100 100 1.1E-014
04420 051.2 012.8 0004.8 100 100 1.4E-014
04660 047.1 012.8 0004.9 100 100 1.4E-014
04900 045.1 012.4 0005.0 100 100 1.0E-014
05140 046.4 012.5 0004.9 100 100 1.3E-014
05380 052.0 012.1 0004.3 100 100 1.4E-014
05620 058.1 011.7 0003.5 100 100 3.2E-014
05860 064.4 011.0 0002.4 100 100 3.3E-014
06100 066.0 010.4 0001.9 100 100 1.6E-014
06340 067.3 009.4 0001.6 100 100 1.3E-014
06580 067.0 008.1 0001.4 100 100 9.0E-015
06820 062.3 006.9 0001.4 100 100 7.9E-015
07060 056.8 006.8 0001.3 100 100 4.9E-015
07300 055.9 007.0 0001.3 100 100 4.4E-015
07540 055.7 007.9 0001.3 100 100 3.1E-015
07780 058.6 008.9 0001.3 100 100 3.2E-015
08020 057.8 009.5 0001.2 100 100 3.5E-015
08260 057.6 009.6 0001.2 100 100 2.5E-015
08500 059.0 009.3 0001.2 100 100 2.3E-015
08740 061.3 008.8 0001.2 100 100 1.7E-015
08980 064.2 008.1 0001.1 100 100 1.7E-015
09220 066.6 007.5 0001.0 100 100 1.5E-015
09460 066.0 007.1 0000.9 100 100 1.7E-015
09700 064.2 006.7 0000.8 100 100 8.5E-016
09940 064.1 006.3 0000.7 100 100 6.3E-016
10180 064.7 005.9 0000.6 100 100 6.6E-016
10420 064.1 005.8 0000.6 100 100 3.4E-016
10660 065.8 005.9 0000.6 100 100 3.0E-016
10900 066.6 006.2 0000.6 100 100 2.2E-016
11140 066.2 006.5 0000.6 100 100 1.8E-016
11380 071.3 006.9 0000.6 100 100 1.8E-016
NNNN
