WNDRAD 01.20
58238 0118.8994 031.9317 00040.6 LC
32 03.0 15.0 15.0 15.0 15.0 00.0 00.0 5 060 0232 25000 00.4 04 04 02.0 00.0 00100 03100
0 20250731015400 20250731020000 3 016 064 0512 016 ELWSN/ 009.0 009.0 009.0 009.0
RAD FIRST
00100 0005.9 0045.9 0006.1
00160 0006.0 0045.5 0006.1
00220 0006.4 0044.7 0006.1
00280 0006.3 0042.5 0006.1
00340 0005.9 0041.6 0006.1
00400 0006.2 0038.9 0006.1
00460 0005.9 0038.0 0006.0
00520 0006.2 0037.5 0006.0
00580 0006.1 0036.2 0006.1
00640 0006.0 0034.2 0006.0
00700 0006.1 0039.5 0006.2
00760 0006.1 0033.1 0006.5
00820 0006.0 0032.2 0006.7
00880 0005.9 0032.6 0007.2
00940 0005.8 0031.5 0007.4
01000 0005.8 0031.0 0007.6
01060 0005.7 0031.5 0007.8
01120 0005.7 0031.4 0008.0
01180 0005.9 0031.8 0008.1
01240 0005.6 0032.0 0008.2
01300 0005.6 0032.8 0008.3
01360 0005.1 0033.0 0008.3
01420 0004.9 0032.6 0008.2
01480 0004.9 0032.4 0008.1
01540 0004.9 0031.6 0008.0
01600 0004.8 0031.2 0007.9
01660 0004.9 0031.8 0007.8
01720 0004.9 0030.5 0007.6
01780 0004.9 0031.4 0007.4
01840 0004.8 0030.8 0007.3
01900 0004.8 0029.4 0007.2
01960 0004.8 0028.8 0007.1
02020 0005.1 0028.3 0007.0
02080 0005.0 0027.3 0007.0
02140 0005.0 0026.3 0006.9
02200 0005.0 0026.5 0006.9
02260 0004.9 0026.3 0007.0
02320 0004.9 0025.7 0007.1
02380 0005.0 0025.0 0007.2
02440 0004.9 0025.0 0007.2
02500 0005.0 0025.2 0007.2
02560 0005.0 0024.8 0007.3
02620 0004.9 0024.9 0007.3
02680 0005.0 0023.5 0007.4
02740 0004.9 0024.1 0007.6
02800 0005.0 0023.3 0007.7
02860 0005.1 0024.2 0008.0
02920 0005.1 0022.8 0008.3
02980 0005.3 0023.4 0008.5
03040 0005.4 0022.7 0008.7
03100 0005.4 0023.0 0008.7
NNNN
RAD SECOND
00100 0006.1 0044.9 0005.6
00160 0005.6 0044.4 0005.5
00220 0005.9 0042.4 0005.5
00280 0006.1 0040.7 0005.4
00340 0006.1 0039.2 0005.4
00400 0006.0 0038.8 0005.4
00460 0005.8 0036.5 0005.3
00520 0005.9 0036.4 0005.2
00580 0006.0 0035.7 0005.3
00640 0004.7 0034.6 0005.2
00700 0001.4 0037.8 0005.4
00760 0004.4 0034.4 0005.5
00820 0004.6 0034.8 0005.6
00880 0004.8 0034.5 0005.7
00940 0005.8 0033.4 0005.8
01000 0005.8 0032.9 0005.9
01060 0005.8 0033.4 0006.0
01120 0005.8 0032.2 0006.0
01180 0005.7 0032.5 0006.1
01240 0005.6 0033.1 0006.2
01300 0005.4 0032.9 0006.3
01360 0005.2 0032.4 0006.3
01420 0005.2 0032.7 0006.3
01480 0005.2 0032.6 0006.4
01540 0005.2 0032.5 0006.4
01600 0005.3 0032.1 0006.4
01660 0005.2 0032.1 0006.4
01720 0005.1 0031.4 0006.3
01780 0005.1 0031.1 0006.3
01840 0005.2 0031.1 0006.2
01900 0005.1 0031.2 0006.2
01960 0005.4 0031.6 0006.2
02020 0005.3 0030.4 0006.2
02080 0005.3 0030.4 0006.2
02140 0005.3 0029.8 0006.2
02200 0005.4 0029.1 0006.1
02260 0005.4 0029.3 0006.1
02320 0005.5 0028.8 0006.2
02380 0005.5 0029.2 0006.2
02440 0005.4 0027.1 0006.3
02500 0005.4 0026.9 0006.3
02560 0005.5 0027.0 0006.3
02620 0005.5 0027.3 0006.3
02680 0005.5 0027.0 0006.4
02740 0005.5 0025.8 0006.4
02800 0005.5 0025.7 0006.4
02860 0005.5 0024.6 0006.5
02920 0005.6 0024.2 0006.6
02980 0005.5 0024.6 0006.7
03040 0005.5 0024.2 0006.8
03100 0005.5 0024.2 0006.9
NNNN
RAD THIRD
00100 0005.4 0043.9 0004.7
00160 0005.4 0042.9 0004.6
00220 0006.2 0041.2 0004.5
00280 0004.6 0039.3 0004.4
00340 0004.4 0038.0 0004.3
00400 0004.2 0037.7 0004.4
00460 0005.6 0037.8 0004.3
00520 0005.5 0036.8 0004.1
00580 0003.6 0036.3 0004.1
00640 0003.5 0035.5 0004.1
00700 0003.5 0035.1 0004.1
00760 0003.5 0034.8 0004.1
00820 0004.4 0035.1 0004.1
00880 0004.4 0036.0 0003.9
00940 0005.9 0035.2 0003.9
01000 0005.9 0035.4 0003.8
01060 0005.7 0035.2 0003.7
01120 0005.4 0035.0 0003.7
01180 0005.2 0033.6 0003.7
01240 0005.1 0033.8 0003.8
01300 0005.1 0032.9 0003.8
01360 0005.2 0033.1 0004.0
01420 0005.3 0032.3 0004.0
01480 0005.4 0032.1 0004.2
01540 0005.4 0032.1 0004.3
01600 0005.6 0031.1 0004.5
01660 0005.5 0030.6 0004.5
01720 0005.5 0030.5 0004.6
01780 0005.5 0031.4 0004.7
01840 0005.5 0030.5 0004.7
01900 0005.5 0029.2 0004.8
01960 0005.6 0029.6 0004.9
02020 0005.6 0029.7 0005.0
02080 0005.7 0030.8 0005.0
02140 0005.7 0030.6 0005.0
02200 0005.7 0029.8 0004.9
02260 0007.3 0029.6 0004.8
02320 0005.6 0029.5 0004.8
02380 0007.4 0028.4 0004.8
02440 0005.8 0027.9 0004.9
02500 0007.4 0028.0 0004.9
02560 0005.9 0027.9 0004.9
02620 0006.0 0027.6 0004.9
02680 0005.8 0026.9 0004.8
02740 0007.4 0026.7 0004.7
02800 0005.7 0026.8 0004.6
02860 0005.6 0026.5 0004.5
02920 0005.4 0026.6 0004.4
02980 0005.3 0026.2 0004.4
03040 0005.2 0026.2 0004.4
03100 0005.3 0025.8 0004.6
NNNN
RAD FOURTH
00100 0004.9 0044.5 0004.0
00160 0005.2 0041.5 0004.0
00220 0001.5 0040.8 0004.1
00280 0005.4 0038.2 0004.1
00340 0004.9 0038.3 0004.0
00400 0004.2 0036.0 0004.0
00460 0004.0 0035.5 0004.0
00520 0003.9 0035.2 0003.6
00580 0001.8 0032.7 0003.3
00640 0003.7 0032.5 0003.0
00700 0003.6 0031.3 0002.8
00760 0003.7 0032.3 0002.9
00820 0003.7 0032.1 0002.9
00880 0003.7 0031.4 0003.0
00940 0005.8 0032.7 0003.2
01000 0005.9 0033.1 0003.3
01060 0006.1 0031.6 0003.5
01120 0005.8 0031.2 0003.6
01180 0005.6 0031.2 0003.8
01240 0005.6 0031.7 0003.9
01300 0004.6 0031.0 0004.0
01360 0004.7 0031.4 0004.1
01420 0004.7 0032.4 0004.1
01480 0004.6 0032.1 0004.2
01540 0004.8 0031.7 0004.2
01600 0005.0 0030.9 0004.2
01660 0004.8 0031.5 0004.1
01720 0004.9 0030.7 0004.0
01780 0005.0 0030.3 0003.9
01840 0005.9 0030.0 0003.8
01900 0005.1 0029.5 0003.8
01960 0005.0 0028.5 0003.8
02020 0005.0 0028.4 0003.8
02080 0005.0 0027.3 0003.7
02140 0006.0 0028.3 0003.6
02200 0006.0 0027.6 0003.5
02260 0006.0 0026.9 0003.3
02320 0006.2 0026.5 0003.3
02380 0005.9 0025.3 0003.3
02440 0006.2 0025.9 0003.4
02500 0006.2 0026.1 0003.5
02560 0006.5 0026.0 0003.5
02620 0006.2 0025.5 0003.5
02680 0006.1 0024.9 0003.5
02740 0006.2 0024.7 0003.5
02800 0006.3 0023.8 0003.6
02860 0006.5 0025.1 0003.9
02920 0006.4 0024.7 0004.2
02980 0006.5 0024.4 0004.6
03040 0006.5 0025.6 0005.0
03100 0005.1 0025.0 0005.2
NNNN
RAD FIFTH
00100 0006.2 0042.6 0006.8
00160 0006.1 0042.1 0006.7
00220 0005.8 0039.7 0006.5
00280 0005.8 0039.5 0006.4
00340 0005.9 0037.6 0006.4
00400 0006.0 0038.5 0006.5
00460 0005.9 0036.2 0006.3
00520 0005.8 0035.2 0006.5
00580 0005.8 0035.8 0006.9
00640 0005.8 0031.8 0007.1
00700 0005.6 0032.0 0007.5
00760 0005.5 0030.9 0007.8
00820 0005.5 0030.9 0007.9
00880 0005.4 0030.9 0008.1
00940 0005.4 0030.4 0008.1
01000 0005.1 0029.7 0008.1
01060 0005.4 0030.5 0008.0
01120 0005.4 0030.1 0008.0
01180 0004.8 0030.4 0008.0
01240 0004.8 0030.0 0008.1
01300 0004.9 0029.3 0008.1
01360 0005.0 0029.6 0008.1
01420 0004.7 0029.6 0008.1
01480 0004.6 0029.2 0008.1
01540 0004.6 0029.2 0008.1
01600 0004.6 0028.8 0008.1
01660 0004.6 0029.8 0008.2
01720 0004.6 0029.5 0008.2
01780 0004.5 0029.1 0008.2
01840 0004.6 0027.9 0008.2
01900 0004.6 0027.8 0008.2
01960 0004.6 0027.2 0008.2
02020 0004.5 0027.1 0008.2
02080 0004.5 0026.9 0008.2
02140 0004.5 0027.1 0008.3
02200 0004.6 0026.3 0008.3
02260 0004.5 0026.9 0008.5
02320 0004.7 0026.4 0008.6
02380 0004.7 0025.7 0008.7
02440 0004.7 0025.4 0008.7
02500 0004.6 0026.2 0008.7
02560 0004.6 0025.2 0008.7
02620 0004.8 0024.3 0008.8
02680 0004.9 0023.3 0008.8
02740 0003.8 0022.9 0008.8
02800 0005.0 0023.9 0008.7
02860 0003.8 0023.7 0008.6
02920 0005.0 0023.7 0008.5
02980 0005.0 0023.3 0008.3
03040 0005.0 0022.2 0008.1
03100 0004.9 0022.5 0008.1
NNNN
32 03.0 15.0 15.0 15.0 15.0 00.0 00.0 5 060 0232 15625 06.4 04 04 02.0 00.2 00100 09580
0 20250731015400 20250731020000 3 012 040 0512 012 ELWSN/ 009.0 009.0 009.0 009.0
RAD FIRST
00100 0005.4 0029.8 0004.8
00220 0006.5 0036.2 0005.0
00340 0006.0 0033.3 0005.1
00460 0006.2 0033.6 0005.3
00580 0007.3 0035.7 0005.8
00700 0007.6 0038.6 0006.3
00820 0007.5 0037.8 0006.6
00940 0007.4 0040.4 0006.7
01060 0007.6 0040.6 0006.8
01180 0007.6 0040.9 0006.8
01300 0008.8 0039.0 0006.8
01420 0008.4 0038.9 0006.7
01540 0008.4 0040.4 0006.7
01660 0008.0 0039.9 0006.7
01780 0008.2 0039.0 0006.6
01900 0008.5 0037.7 0006.6
02020 0007.9 0039.3 0006.6
02140 0006.4 0040.5 0006.7
02260 0008.0 0038.3 0006.8
02380 0007.0 0038.5 0006.8
02500 0008.0 0037.6 0006.8
02620 0007.3 0037.8 0006.8
02740 0009.7 0035.5 0006.9
02860 0010.0 0036.4 0007.1
02980 0010.9 0036.6 0008.7
03100 0010.3 0030.7 0008.8
03220 0010.2 0029.8 0008.8
03340 0010.9 0034.7 0008.6
03460 0009.4 0034.7 0007.3
03580 0008.2 0033.2 0007.3
03700 0007.5 0034.2 0007.4
03820 0007.0 0033.5 0007.6
03940 0006.1 0033.3 0007.7
04060 0006.5 0032.5 0007.8
04180 0005.6 0032.2 0007.9
04300 0005.5 0031.5 0007.9
04420 0005.1 0030.7 0007.8
04540 0005.8 0031.6 0007.8
04660 0005.5 0032.3 0007.7
04780 0005.4 0032.4 0007.7
04900 0006.3 0031.1 0007.6
05020 0006.0 0031.5 0007.6
05140 0005.7 0031.9 0007.5
05260 0006.2 0031.1 0007.3
05380 0010.4 0032.1 0006.5
05500 0013.9 0038.6 0005.9
05620 0012.1 0040.3 0004.9
05740 0007.4 0037.9 0004.4
05860 0006.9 0031.6 0004.1
05980 0006.9 0032.0 0003.9
06100 0006.9 0032.2 0003.7
06220 0007.0 0032.8 0003.6
06340 0005.7 0031.8 0003.4
06460 0005.2 0027.8 0003.0
06580 0005.6 0024.9 0002.9
06700 0005.0 0023.9 0002.8
06820 0003.5 0022.3 0002.8
06940 0002.7 0022.6 0002.9
07060 0002.3 0020.0 0003.0
07180 0002.2 0016.6 0003.1
07300 0002.1 0019.0 0003.2
07420 0001.6 0017.7 0003.3
07540 0001.6 0018.7 0003.4
07660 0001.5 0018.6 0003.3
07780 0001.4 0016.7 0003.3
07900 0001.3 0016.9 0003.3
08020 0001.5 0017.0 0003.3
08140 0001.6 0016.3 0003.4
08260 0001.5 0016.4 0003.4
08380 0001.6 0016.6 0003.4
08500 0001.6 0017.8 0002.4
08620 0003.5 0020.9 0001.4
08740 0001.5 0019.1 0000.3
08860 0003.3 0021.5 0000.1
08980 0003.6 0023.1 0000.1
09100 0003.5 0024.3 0000.0
09220 0003.1 0023.9 -000.0
09340 0007.7 0033.7 -000.0
09460 0011.0 0040.4 -000.0
09580 0011.9 0041.3 -000.0
NNNN
RAD SECOND
00100 0005.1 0028.1 0004.3
00220 0005.6 0032.8 0004.4
00340 0006.4 0037.0 0004.5
00460 0006.4 0034.4 0004.6
00580 0007.2 0035.6 0004.7
00700 0007.3 0038.3 0004.9
00820 0007.0 0038.0 0005.0
00940 0007.3 0039.3 0005.0
01060 0007.0 0039.7 0005.0
01180 0007.1 0039.8 0005.1
01300 0008.6 0039.4 0005.1
01420 0008.2 0040.6 0005.2
01540 0008.0 0040.6 0005.3
01660 0007.9 0038.7 0005.3
01780 0008.1 0039.4 0005.4
01900 0008.1 0038.9 0005.4
02020 0008.1 0038.7 0005.5
02140 0008.1 0037.5 0005.5
02260 0007.4 0038.4 0005.6
02380 0006.5 0038.8 0005.6
02500 0006.6 0037.5 0005.5
02620 0006.5 0036.6 0005.5
02740 0006.7 0035.9 0005.4
02860 0006.3 0035.8 0005.5
02980 0006.9 0036.0 0006.0
03100 0009.2 0034.4 0006.1
03220 0006.0 0033.2 0006.1
03340 0007.1 0035.1 0006.1
03460 0007.3 0034.2 0005.8
03580 0007.7 0033.4 0005.8
03700 0007.9 0033.9 0005.9
03820 0007.7 0033.5 0006.1
03940 0007.8 0033.8 0006.3
04060 0006.9 0034.0 0006.4
04180 0007.1 0033.6 0006.5
04300 0007.3 0034.3 0006.6
04420 0007.0 0034.5 0006.7
04540 0006.9 0034.1 0006.7
04660 0007.6 0033.8 0006.8
04780 0006.7 0034.2 0006.9
04900 0007.7 0034.3 0006.9
05020 0008.8 0033.6 0006.9
05140 0013.9 0035.2 0006.8
05260 0014.1 0042.0 0006.5
05380 0011.6 0043.4 0005.2
05500 0010.9 0042.9 0004.1
05620 0010.1 0041.3 0002.7
05740 0010.1 0038.5 0002.1
05860 0008.1 0038.4 0001.8
05980 0007.9 0037.7 0001.6
06100 0007.4 0037.4 0001.5
06220 0007.3 0036.9 0001.5
06340 0007.0 0035.9 0001.4
06460 0007.1 0031.7 0001.4
06580 0007.0 0028.3 0001.4
06700 0004.6 0028.2 0001.4
06820 0001.9 0022.6 0001.4
06940 0001.7 0021.3 0001.4
07060 0001.9 0020.6 0001.4
07180 0001.5 0018.8 0001.4
07300 0001.4 0018.4 0001.4
07420 0001.3 0019.2 0001.4
07540 0001.4 0019.2 0001.3
07660 0001.4 0019.4 0001.3
07780 0001.4 0019.7 0001.3
07900 0001.5 0019.5 0001.3
08020 0001.5 0019.0 0001.3
08140 0001.5 0018.8 0001.4
08260 0001.5 0020.0 0001.4
08380 0001.5 0020.5 0001.4
08500 0001.5 0020.5 0001.0
08620 0002.3 0021.5 0000.6
08740 0003.5 0018.8 0000.1
08860 0002.8 0023.5 0000.1
08980 0004.2 0026.8 0000.1
09100 0005.8 0031.5 0000.0
09220 0007.2 0033.5 -000.0
09340 0008.5 0036.1 -000.0
09460 0012.3 0041.8 -000.0
09580 0012.9 0042.7 -000.0
NNNN
RAD THIRD
00100 0004.4 0033.9 0003.5
00220 0004.7 0036.2 0003.5
00340 0004.9 0036.9 0003.5
00460 0004.9 0037.4 0003.5
00580 0005.0 0038.7 0003.4
00700 0006.4 0036.9 0003.2
00820 0005.9 0038.6 0003.0
00940 0005.9 0039.1 0003.0
01060 0005.9 0039.1 0003.0
01180 0006.0 0038.1 0003.0
01300 0008.8 0038.9 0003.1
01420 0008.1 0040.6 0003.3
01540 0008.8 0038.1 0003.5
01660 0008.1 0039.4 0003.6
01780 0008.2 0038.8 0003.8
01900 0008.8 0037.6 0003.9
02020 0008.1 0040.2 0003.9
02140 0007.8 0039.2 0004.0
02260 0008.5 0039.3 0003.9
02380 0008.9 0037.8 0003.9
02500 0008.6 0037.4 0003.8
02620 0008.7 0037.7 0003.8
02740 0008.1 0037.5 0003.6
02860 0008.1 0037.1 0003.5
02980 0009.0 0037.9 0002.9
03100 0009.4 0037.0 0002.9
03220 0009.9 0036.8 0003.1
03340 0009.6 0037.8 0003.2
03460 0009.1 0037.5 0003.8
03580 0009.7 0036.3 0003.9
03700 0009.4 0035.6 0004.0
03820 0009.9 0036.0 0004.2
03940 0009.8 0036.9 0004.4
04060 0009.9 0034.7 0004.5
04180 0009.3 0036.3 0004.7
04300 0009.6 0036.1 0004.9
04420 0009.4 0036.9 0005.1
04540 0009.7 0036.7 0005.2
04660 0009.6 0037.3 0005.4
04780 0009.6 0036.2 0005.6
04900 0009.6 0037.0 0005.7
05020 0010.4 0036.4 0005.7
05140 0010.2 0037.2 0005.7
05260 0011.3 0035.7 0005.2
05380 0014.2 0036.8 0003.5
05500 0013.5 0041.7 0002.0
05620 0010.9 0043.6 0000.3
05740 0009.1 0042.1 -000.3
05860 0008.2 0038.5 -000.7
05980 0008.5 0037.2 -000.7
06100 0008.7 0035.9 -000.8
06220 0008.3 0035.8 -000.8
06340 0008.1 0035.0 -000.6
06460 0008.0 0033.0 -000.3
06580 0008.0 0034.8 -000.1
06700 0007.1 0035.4 -000.1
06820 0004.3 0029.4 -000.1
06940 0003.4 0026.8 -000.2
07060 0003.1 0025.7 -000.3
07180 0002.7 0022.3 -000.4
07300 0002.4 0020.8 -000.6
07420 0002.0 0021.5 -000.7
07540 0002.0 0022.1 -000.8
07660 0001.9 0021.7 -000.8
07780 0001.9 0020.7 -000.7
07900 0001.9 0020.3 -000.7
08020 0001.8 0020.7 -000.7
08140 0001.8 0021.3 -000.7
08260 0001.8 0021.2 -000.8
08380 0001.8 0020.5 -000.8
08500 0001.8 0020.6 -000.6
08620 0002.5 0022.4 -000.3
08740 0002.3 0020.8 -000.1
08860 0003.4 0022.8 -000.1
08980 0002.9 0025.9 0000.0
09100 0004.9 0029.9 -000.0
09220 0008.2 0033.8 -000.0
09340 0007.7 0035.9 -000.0
09460 0009.4 0037.8 -000.0
09580 0010.7 0039.5 -000.0
NNNN
RAD FOURTH
00100 0004.7 0035.3 0002.4
00220 0004.2 0036.0 0002.4
00340 0004.7 0038.1 0002.4
00460 0004.6 0038.5 0002.4
00580 0003.9 0034.8 0002.5
00700 0004.4 0036.2 0002.7
00820 0004.8 0039.3 0002.8
00940 0005.5 0037.6 0002.9
01060 0005.5 0040.0 0002.9
01180 0005.4 0041.4 0002.9
01300 0008.8 0038.1 0002.9
01420 0008.6 0039.5 0002.9
01540 0008.7 0040.0 0002.9
01660 0008.4 0040.3 0002.9
01780 0008.1 0039.3 0002.8
01900 0008.1 0039.5 0002.8
02020 0008.1 0039.7 0002.7
02140 0008.1 0037.8 0002.6
02260 0007.8 0038.1 0002.4
02380 0008.2 0037.8 0002.3
02500 0007.9 0037.1 0002.1
02620 0008.1 0036.2 0002.1
02740 0007.8 0035.7 0002.1
02860 0007.7 0034.6 0002.3
02980 0008.1 0035.1 0003.0
03100 0008.3 0034.9 0003.3
03220 0007.8 0035.5 0003.6
03340 0008.5 0034.3 0003.8
03460 0008.1 0034.3 0003.6
03580 0008.4 0034.2 0003.8
03700 0009.2 0033.6 0004.2
03820 0010.0 0034.5 0004.6
03940 0009.2 0035.5 0004.9
04060 0009.5 0036.3 0005.2
04180 0009.9 0036.0 0005.4
04300 0009.8 0035.0 0005.6
04420 0009.3 0036.7 0005.7
04540 0009.5 0036.5 0005.7
04660 0010.2 0035.6 0005.8
04780 0009.9 0034.5 0005.8
04900 0008.9 0035.4 0005.7
05020 0008.9 0035.1 0005.6
05140 0010.3 0035.2 0005.5
05260 0011.8 0035.7 0004.9
05380 0014.5 0037.2 0003.4
05500 0012.9 0043.1 0002.1
05620 0010.3 0044.2 0000.8
05740 0008.7 0041.5 0000.3
05860 0008.3 0036.8 0000.1
05980 0008.3 0036.2 0000.0
06100 0008.1 0035.6 0000.0
06220 0007.7 0035.7 0000.0
06340 0007.6 0034.6 0000.1
06460 0007.3 0033.4 0000.3
06580 0007.3 0034.1 0000.3
06700 0006.2 0034.2 0000.3
06820 0004.3 0028.5 0000.2
06940 0003.1 0027.2 0000.1
07060 0002.7 0025.9 0000.0
07180 0002.1 0022.5 0000.0
07300 0001.6 0021.4 -000.1
07420 0001.7 0021.4 -000.1
07540 0001.7 0021.2 -000.2
07660 0001.7 0020.7 -000.2
07780 0001.8 0020.9 -000.3
07900 0001.8 0020.3 -000.3
08020 0001.8 0021.0 -000.3
08140 0001.8 0021.0 -000.3
08260 0001.7 0021.9 -000.3
08380 0001.8 0021.2 -000.3
08500 0001.9 0021.7 -000.2
08620 0002.6 0023.6 -000.1
08740 0002.7 0023.2 0000.0
08860 0003.5 0025.6 0000.0
08980 0004.3 0028.7 0000.0
09100 0004.8 0031.1 -000.0
09220 0004.3 0026.5 -000.0
09340 0008.5 0035.4 -000.0
09460 0013.0 0043.0 -000.0
09580 0015.4 0045.4 -000.0
NNNN
RAD FIFTH
00100 0007.1 0035.2 0005.8
00220 0006.9 0036.9 0006.0
00340 0007.7 0038.6 0006.2
00460 0007.8 0038.7 0006.4
00580 0007.6 0040.7 0006.6
00700 0008.4 0039.9 0006.8
00820 0008.1 0039.4 0006.8
00940 0007.8 0039.2 0006.8
01060 0007.9 0039.2 0006.8
01180 0007.6 0038.8 0006.9
01300 0009.0 0037.6 0007.0
01420 0008.3 0038.4 0007.1
01540 0008.7 0036.6 0007.3
01660 0008.2 0037.9 0007.4
01780 0008.4 0037.9 0007.5
01900 0008.2 0037.4 0007.7
02020 0008.3 0037.8 0007.9
02140 0008.1 0037.5 0008.1
02260 0008.2 0036.0 0008.3
02380 0007.9 0037.3 0008.5
02500 0008.1 0036.5 0008.5
02620 0008.1 0035.6 0008.5
02740 0008.1 0035.5 0008.4
02860 0007.7 0035.6 0008.4
02980 0008.9 0037.3 0008.6
03100 0008.1 0037.0 0008.4
03220 0008.0 0036.6 0008.2
03340 0007.0 0037.8 0008.0
03460 0007.2 0035.3 0007.5
03580 0007.2 0036.6 0007.4
03700 0007.2 0035.2 0007.3
03820 0007.0 0034.5 0007.2
03940 0006.7 0034.4 0007.2
04060 0006.5 0033.2 0007.2
04180 0006.0 0033.0 0007.1
04300 0006.0 0032.4 0007.2
04420 0006.0 0032.8 0007.2
04540 0005.8 0031.5 0007.3
04660 0005.4 0032.0 0007.4
04780 0005.3 0030.9 0007.5
04900 0005.6 0030.9 0007.6
05020 0005.2 0031.0 0007.6
05140 0005.4 0030.8 0007.7
05260 0006.4 0031.0 0007.6
05380 0005.8 0029.8 0006.7
05500 0012.6 0032.7 0005.8
05620 0011.9 0037.8 0004.4
05740 0007.0 0036.1 0003.7
05860 0005.4 0029.2 0003.3
05980 0005.8 0028.6 0003.1
06100 0006.1 0026.7 0003.0
06220 0006.3 0025.4 0002.8
06340 0003.2 0025.5 0002.6
06460 0005.7 0024.8 0002.5
06580 0005.9 0023.8 0002.5
06700 0003.1 0022.2 0002.5
06820 0003.2 0019.0 0002.5
06940 0002.2 0018.8 0002.6
07060 0001.9 0017.7 0002.7
07180 0001.5 0013.0 0002.7
07300 0001.7 0012.5 0002.7
07420 0001.2 0011.8 0002.7
07540 0001.1 0012.8 0002.8
07660 0001.1 0011.8 0002.8
07780 0001.1 0011.3 0002.8
07900 0001.1 0010.8 0002.9
08020 0001.0 0010.3 0002.9
08140 0001.2 0010.3 0003.0
08260 0001.2 0011.4 0003.0
08380 0001.2 0012.0 0003.0
08500 0001.3 0012.9 0002.1
08620 0003.1 0020.8 0001.2
08740 0001.3 0018.0 0000.2
08860 0003.1 0022.8 0000.1
08980 0004.0 0027.1 0000.1
09100 0005.2 0030.8 0000.0
09220 0007.3 0033.6 -000.0
09340 0010.2 0038.0 -000.0
09460 0009.1 0037.9 -000.0
09580 0010.4 0039.5 -000.0
NNNN
32 03.0 15.0 15.0 15.0 15.0 00.0 00.0 5 060 0232 07812 12.8 04 04 02.0 00.2 00100 12100
0 20250731015400 20250731020000 3 010 020 0512 010 ELWSN/ 009.0 009.0 009.0 009.0
RAD FIRST
00100 0002.7 0027.9 0005.1
00340 0006.1 0037.2 0005.2
00580 0007.5 0040.6 0005.4
00820 0007.3 0039.0 0005.5
01060 0007.7 0040.1 0005.8
01300 0008.0 0039.6 0006.2
01540 0008.6 0040.6 0006.4
01780 0007.8 0042.0 0006.5
02020 0008.0 0041.6 0006.6
02260 0008.2 0041.7 0006.7
02500 0008.1 0040.2 0006.8
02740 0008.3 0039.7 0007.1
02980 0007.9 0038.8 0007.4
03220 0008.2 0038.2 0007.8
03460 0008.3 0038.0 0008.0
03700 0007.6 0037.3 0008.0
03940 0007.5 0036.8 0007.9
04180 0006.7 0037.3 0007.8
04420 0007.0 0034.8 0007.7
04660 0006.2 0034.6 0007.7
04900 0006.3 0036.3 0007.6
05140 0006.2 0034.2 0007.5
05380 0006.1 0035.0 0006.7
05620 0010.4 0040.7 0005.7
05860 0008.2 0041.7 0004.6
06100 0006.7 0034.7 0004.1
06340 0004.5 0030.4 0003.6
06580 0004.6 0028.8 0003.2
06820 0004.7 0029.9 0002.9
07060 0003.9 0032.7 0002.9
07300 0002.2 0028.4 0003.0
07540 0002.0 0029.1 0003.3
07780 0001.5 0026.6 0003.3
08020 0001.6 0023.1 0003.4
08260 0001.6 0026.1 0003.4
08500 0001.8 0025.6 0003.4
08740 0001.4 0027.4 0003.4
08980 0001.5 0024.9 0003.4
09220 0001.6 0023.9 0003.3
09460 0001.6 0025.4 0003.0
09700 0001.9 0029.2 0002.7
09940 0002.1 0028.8 0002.4
10180 0002.3 0024.2 0002.1
10420 0001.9 0020.8 0002.1
10660 0001.8 0019.0 0002.1
10900 0001.6 0015.7 0002.1
11140 0001.5 0015.8 0001.9
11380 0001.4 0015.2 0001.9
11620 0001.0 0008.6 0001.8
11860 0000.7 0005.8 0002.0
12100 0000.2 0004.8 0001.9
NNNN
RAD SECOND
00100 0002.4 0027.9 0004.2
00340 0004.6 0038.3 0004.3
00580 0006.2 0040.6 0004.4
00820 0006.4 0040.5 0004.4
01060 0006.7 0042.5 0004.6
01300 0007.0 0041.6 0004.7
01540 0007.7 0040.3 0005.0
01780 0007.6 0039.5 0005.1
02020 0007.9 0040.2 0005.3
02260 0008.0 0039.8 0005.4
02500 0008.3 0040.0 0005.4
02740 0008.3 0039.0 0005.5
02980 0007.7 0039.1 0005.5
03220 0007.5 0039.7 0005.5
03460 0007.0 0037.5 0005.5
03700 0006.6 0038.2 0005.5
03940 0006.9 0035.8 0005.4
04180 0006.7 0034.8 0005.5
04420 0006.0 0035.7 0005.6
04660 0005.8 0034.3 0005.8
04900 0005.9 0033.7 0005.9
05140 0005.3 0033.6 0005.9
05380 0011.4 0035.0 0005.0
05620 0009.8 0040.0 0003.8
05860 0005.7 0039.3 0002.3
06100 0005.8 0036.0 0001.8
06340 0005.7 0032.1 0001.5
06580 0005.4 0030.6 0001.4
06820 0003.8 0028.2 0001.4
07060 0001.7 0026.8 0001.4
07300 0001.6 0027.0 0001.4
07540 0002.4 0026.9 0001.4
07780 0001.6 0028.8 0001.3
08020 0002.6 0028.2 0001.4
08260 0001.6 0028.0 0001.4
08500 0001.6 0028.1 0001.3
08740 0001.9 0028.9 0001.3
08980 0002.9 0030.9 0001.3
09220 0001.8 0030.3 0001.2
09460 0002.4 0027.8 0001.1
09700 0002.3 0025.1 0001.0
09940 0002.3 0024.5 0000.9
10180 0002.3 0025.3 0000.8
10420 0002.3 0024.4 0000.8
10660 0002.0 0025.0 0000.8
10900 0001.7 0022.4 0000.8
11140 0001.7 0021.7 0000.7
11380 0001.9 0014.7 0000.6
11620 0001.6 0011.9 0000.6
11860 0001.4 0012.0 0000.6
12100 0001.3 0010.2 0000.6
NNNN
RAD THIRD
00100 0001.8 0023.5 0003.1
00340 0005.4 0037.7 0003.1
00580 0006.5 0042.7 0003.1
00820 0006.2 0043.1 0003.0
01060 0006.5 0040.3 0003.0
01300 0006.8 0039.2 0003.0
01540 0007.1 0038.7 0003.2
01780 0006.5 0040.4 0003.4
02020 0007.1 0043.1 0003.6
02260 0007.2 0041.9 0003.7
02500 0008.5 0041.5 0003.7
02740 0007.9 0039.9 0003.5
02980 0008.0 0039.4 0003.2
03220 0008.0 0042.0 0002.9
03460 0008.1 0038.7 0002.6
03700 0008.3 0038.0 0002.6
03940 0008.8 0036.4 0002.6
04180 0008.2 0035.9 0002.8
04420 0007.5 0036.2 0003.1
04660 0008.1 0034.8 0003.5
04900 0008.0 0035.8 0003.8
05140 0007.8 0034.7 0003.9
05380 0008.8 0035.0 0003.0
05620 0012.5 0037.9 0001.5
05860 0009.4 0042.0 -000.2
06100 0007.3 0041.3 -000.6
06340 0007.1 0041.2 -000.6
06580 0006.2 0040.6 -000.4
06820 0006.2 0038.6 -000.2
07060 0004.2 0031.7 -000.2
07300 0003.3 0027.0 -000.3
07540 0003.1 0028.0 -000.6
07780 0002.4 0028.8 -000.7
08020 0002.0 0030.7 -000.8
08260 0002.0 0029.3 -000.8
08500 0002.4 0031.6 -000.8
08740 0002.3 0031.5 -000.8
08980 0001.8 0030.4 -000.9
09220 0002.3 0027.8 -001.0
09460 0002.0 0028.0 -001.0
09700 0002.1 0026.3 -000.9
09940 0002.1 0025.4 -000.7
10180 0001.8 0025.3 -000.6
10420 0001.9 0024.9 -000.6
10660 0001.9 0024.7 -000.6
10900 0001.7 0020.2 -000.6
11140 0001.8 0021.1 -000.6
11380 0001.5 0018.8 -000.7
11620 0001.4 0015.8 -000.7
11860 0001.4 0016.2 -000.8
12100 0001.3 0010.7 -000.8
NNNN
RAD FOURTH
00100 0005.2 0031.8 0001.5
00340 0002.1 0039.8 0001.6
00580 0002.0 0043.2 0001.7
00820 0002.1 0041.8 0001.8
01060 0005.2 0040.4 0002.1
01300 0005.7 0040.3 0002.5
01540 0006.3 0041.2 0002.9
01780 0006.5 0042.7 0003.1
02020 0006.5 0043.0 0003.1
02260 0006.6 0040.4 0002.9
02500 0008.3 0041.4 0002.7
02740 0008.7 0039.7 0002.7
02980 0008.0 0039.9 0002.8
03220 0007.4 0039.9 0003.0
03460 0007.7 0038.1 0003.2
03700 0007.8 0037.9 0003.3
03940 0007.9 0036.8 0003.3
04180 0008.5 0035.8 0003.3
04420 0008.2 0035.6 0003.5
04660 0007.6 0035.1 0003.7
04900 0008.0 0033.0 0004.0
05140 0007.4 0033.1 0004.0
05380 0008.4 0033.9 0003.2
05620 0011.2 0039.4 0002.0
05860 0008.5 0042.3 0000.6
06100 0007.3 0043.4 0000.2
06340 0006.8 0042.9 0000.2
06580 0006.4 0040.5 0000.2
06820 0006.1 0036.6 0000.2
07060 0004.7 0036.2 0000.2
07300 0003.2 0031.4 0000.1
07540 0002.5 0029.8 -000.1
07780 0002.7 0029.5 -000.2
08020 0002.5 0031.3 -000.3
08260 0002.6 0032.1 -000.3
08500 0002.6 0029.0 -000.4
08740 0002.6 0033.8 -000.4
08980 0002.7 0031.6 -000.3
09220 0001.8 0026.5 -000.3
09460 0001.6 0025.4 -000.3
09700 0001.6 0024.1 -000.3
09940 0001.6 0023.9 -000.2
10180 0001.7 0021.4 0000.0
10420 0001.5 0019.9 0000.1
10660 0001.7 0021.2 0000.1
10900 0001.5 0020.4 -000.0
11140 0001.1 0016.9 -000.2
11380 0001.1 0018.1 -000.3
11620 0001.3 0015.0 -000.3
11860 0001.3 0009.4 -000.3
12100 0001.2 0008.7 -000.1
NNNN
RAD FIFTH
00100 0001.7 0022.9 0006.7
00340 0006.4 0036.1 0006.7
00580 0007.9 0041.2 0006.7
00820 0008.0 0041.4 0006.7
01060 0007.9 0041.4 0006.7
01300 0008.1 0041.7 0006.7
01540 0008.0 0042.8 0006.8
01780 0008.1 0043.3 0006.9
02020 0008.3 0041.5 0007.1
02260 0008.6 0040.0 0007.4
02500 0008.1 0041.0 0007.8
02740 0008.2 0039.7 0007.9
02980 0007.4 0039.7 0007.9
03220 0007.5 0037.4 0007.7
03460 0007.5 0037.2 0007.4
03700 0006.1 0037.8 0007.3
03940 0006.1 0035.3 0007.3
04180 0006.2 0036.2 0007.3
04420 0005.9 0035.3 0007.3
04660 0005.3 0035.9 0007.4
04900 0005.6 0035.4 0007.4
05140 0005.4 0034.1 0007.4
05380 0006.2 0034.7 0006.5
05620 0011.7 0037.4 0005.3
05860 0007.8 0039.0 0003.9
06100 0005.4 0032.5 0003.3
06340 0005.9 0031.8 0002.8
06580 0003.1 0027.9 0002.6
06820 0005.8 0027.5 0002.5
07060 0003.6 0025.5 0002.5
07300 0001.9 0021.3 0002.6
07540 0001.3 0018.3 0002.8
07780 0001.1 0018.8 0002.8
08020 0001.1 0018.5 0002.9
08260 0001.3 0018.7 0003.0
08500 0001.2 0018.8 0003.0
08740 0001.5 0020.7 0003.0
08980 0001.8 0025.6 0002.9
09220 0001.5 0024.9 0002.6
09460 0001.6 0024.7 0002.4
09700 0001.8 0028.0 0002.1
09940 0002.1 0024.9 0001.8
10180 0002.1 0023.3 0001.5
10420 0002.0 0018.5 0001.4
10660 0001.8 0017.0 0001.4
10900 0001.4 0017.9 0001.5
11140 0001.2 0017.3 0001.5
11380 0001.2 0014.1 0001.5
11620 0001.2 0011.3 0001.4
11860 0000.9 0009.4 0001.4
12100 0000.8 0006.9 0001.2
NNNN
