WNDROBS 01.20
58235 0118.8472 032.3686 00016.2 LC 20250731020000
ROBS
00100 006.9 008.1 0003.4 100 100 3.5E-014
00160 015.3 009.4 0003.6 100 100 8.2E-014
00220 021.4 011.3 0003.9 100 100 1.2E-013
00280 027.1 013.6 0004.5 100 100 1.3E-013
00340 030.0 014.7 0004.5 100 100 1.5E-013
00400 032.2 015.6 0004.5 100 100 1.6E-013
00460 034.7 015.9 0004.5 100 100 1.7E-013
00520 038.4 016.5 0004.6 100 100 1.8E-013
00580 041.4 017.0 0004.6 100 100 2.4E-013
00640 041.6 016.9 0004.7 100 100 1.5E-013
00700 041.9 016.7 0004.7 100 100 1.3E-013
00760 043.5 016.8 0004.8 100 100 1.4E-013
00820 043.7 016.3 0004.8 100 100 2.3E-013
00940 050.7 016.5 0004.6 100 100 4.2E-015
01060 051.7 017.1 0004.5 100 100 9.3E-015
01180 052.5 018.5 0004.7 100 100 1.2E-014
01300 055.7 018.9 0004.7 100 100 1.4E-014
01420 057.3 018.9 0004.6 100 100 1.5E-014
01540 057.7 018.7 0004.5 100 100 1.6E-014
01660 058.0 018.4 0004.4 100 100 1.7E-014
01780 058.0 018.2 0003.9 100 100 1.5E-014
01900 057.8 018.2 0003.8 100 100 1.6E-014
02020 056.5 017.3 0003.9 100 100 6.0E-015
02260 056.7 016.9 0003.6 100 100 1.1E-014
02500 057.8 016.8 0003.4 100 100 1.1E-014
02740 058.6 016.6 0003.3 100 100 9.8E-015
02980 059.6 016.3 0003.2 100 100 7.8E-015
03220 060.2 016.1 0003.1 100 100 6.3E-015
03460 064.6 016.4 0002.9 100 100 4.9E-015
03700 066.9 017.2 0002.9 100 100 2.4E-015
03940 067.9 018.3 0002.8 100 100 4.2E-015
04180 068.3 019.1 0002.7 100 100 4.2E-015
04420 065.9 019.3 0002.7 100 100 4.0E-015
04660 065.4 019.2 0002.6 100 100 4.0E-015
04900 065.4 019.1 0002.5 100 100 3.2E-015
05140 066.2 018.7 0002.3 100 100 3.1E-015
05380 068.9 018.3 0002.2 100 100 2.0E-015
05620 069.4 016.7 0001.8 100 100 2.4E-015
05860 067.4 016.9 0001.3 100 100 5.9E-016
06100 063.9 016.3 0001.1 100 100 2.2E-016
06340 064.2 015.9 0000.9 100 100 1.4E-016
06580 061.1 016.0 0000.7 100 100 9.2E-017
06820 064.4 017.1 0000.8 100 100 5.7E-017
07060 ///// ///// ////// /// /// ////////
07300 ///// ///// ////// /// /// ////////
07540 ///// ///// ////// /// /// ////////
07780 ///// ///// ////// /// /// ////////
08020 ///// ///// ////// /// /// ////////
08260 ///// ///// ////// /// /// ////////
08500 ///// ///// ////// /// /// ////////
08740 ///// ///// ////// /// /// ////////
08980 ///// ///// ////// /// /// ////////
09220 ///// ///// ////// /// /// ////////
09460 ///// ///// ////// /// /// ////////
09700 ///// ///// ////// /// /// ////////
09940 ///// ///// ////// /// /// ////////
10180 ///// ///// ////// /// /// ////////
10420 ///// ///// ////// /// /// ////////
10660 ///// ///// ////// /// /// ////////
10900 ///// ///// ////// /// /// ////////
11140 ///// ///// ////// /// /// ////////
11380 ///// ///// ////// /// /// ////////
NNNN
